1
2
PriorAll exp 10
AddNode Node1 3 2
AddNode Node2 1 3 2
AddNode Node3 6 7
AddNode Node4 4 5
AddNode Node5 6 1 3 7 2
AddNode Node6 22 23
AddNode Node7 22 10 23
AddNode Node8 11 12
AddNode Node9 139 140
AddNode Node10 139 114 140
AddNode Node11 128 136
AddNode Node12 130 129
AddNode Node13 130 129 115
AddNode Node14 128 136 139 114 140
AddNode Node15 106 107
AddNode Node16 128 130 139 129 114 115 136 140
AddNode Node17 128 130 139 114 129 115 107 136 106 140
AddNode Node18 128 130 139 129 114 80 115 107 136 106 140
AddNode Node19 128 130 64 139 80 114 129 115 107 136 106 140
AddNode Node20 128 130 64 139 129 114 80 115 107 136 106 56 140
AddNode Node21 128 130 64 139 80 114 129 115 107 136 56 106 43 140
AddNode Node22 21 9
AddNode Node23 128 130 64 139 129 114 80 115 107 136 106 56 45 43 140
AddNode Node24 78 79
AddNode Node25 63 78 79
AddNode Node26 63 78 79 55
AddNode Node27 63 78 79 42 55
AddNode Node28 40 41
AddNode Node29 63 40 78 41 79 42 55
AddNode Node30 130 21 139 80 129 107 136 106 128 64 9 114 115 56 45 43 140
AddNode Node31 44 20
AddNode Node32 130 63 21 139 129 80 78 79 107 42 136 106 55 128 40 64 114 9 41 115 56 45 43 140
AddNode Node33 130 21 63 139 80 129 78 107 79 42 136 106 44 55 128 64 40 9 114 115 41 20 56 45 43 140
AddNode Node34 18 19
AddNode Node35 130 63 21 139 129 80 78 79 107 42 136 18 106 44 55 128 40 64 114 9 41 115 20 56 45 43 19 140
AddNode Node36 11 22 23 12 10
AddNode Node37 57 58
AddNode Node38 108 109
AddNode Node39 93 108 109
AddNode Node40 119 120
AddNode Node41 118 117
AddNode Node42 118 110 117
AddNode Node43 119 120 111
AddNode Node44 118 119 110 120 111 117
AddNode Node45 118 119 110 120 94 111 117
AddNode Node46 93 108 81 109
AddNode Node47 147 146
AddNode Node48 142 141
AddNode Node49 143 147 146
AddNode Node50 142 143 141 147 146
AddNode Node51 142 143 141 133 147 146
AddNode Node52 131 132
AddNode Node53 134 135
AddNode Node54 116 134 135
AddNode Node55 131 142 143 141 133 147 146 132
AddNode Node56 131 142 143 116 141 133 147 134 146 135 132
AddNode Node57 118 119 93 110 120 94 111 108 109 81 117
AddNode Node58 83 97
AddNode Node59 96 95
AddNode Node60 96 82 95
AddNode Node61 83 97 98
AddNode Node62 96 82 95 83 97 98
AddNode Node63 131 142 118 143 119 116 93 141 133 110 147 120 134 94 146 108 111 135 81 109 132 117
AddNode Node64 144 145
AddNode Node65 144 145 113
AddNode Node66 158 157
AddNode Node67 155 154
AddNode Node68 158 157 156
AddNode Node69 155 158 154 157 156
AddNode Node70 155 158 154 157 156 148
AddNode Node71 155 158 154 157 156 151 148
AddNode Node72 152 153
AddNode Node73 149 150
AddNode Node74 152 155 158 154 157 156 153 151 148
AddNode Node75 152 155 158 154 157 149 156 153 151 148 150
AddNode Node76 144 123 145 113
AddNode Node77 152 155 158 154 144 157 149 123 156 153 145 151 148 150 113
AddNode Node78 138 137
AddNode Node79 122 121
AddNode Node80 122 121 112
AddNode Node81 152 155 158 154 144 157 123 149 156 138 153 137 145 151 148 113 150
AddNode Node82 99 100
AddNode Node83 152 155 122 121 158 154 144 157 149 123 156 138 153 112 137 145 151 148 150 113
AddNode Node84 84 101
AddNode Node85 102 84 101
AddNode Node86 152 155 122 121 158 99 154 144 157 100 123 149 156 138 153 137 112 145 151 148 113 150
AddNode Node87 65 66
AddNode Node88 152 155 102 122 121 158 99 154 144 157 100 84 149 123 156 138 153 112 137 145 101 151 148 150 113
AddNode Node89 152 155 102 122 121 158 99 154 144 157 65 100 123 149 84 156 138 153 137 112 145 66 151 101 148 113 150
AddNode Node90 131 118 142 143 119 93 116 141 96 133 82 110 147 120 83 95 134 97 94 111 108 146 135 109 81 98 132 117
AddNode Node91 118 102 119 99 116 144 141 100 110 82 84 147 120 156 134 95 83 108 135 112 109 145 151 148 150 113 152 131 155 142 122 121 143 158 154 93 157 65 96 133 149 123 138 97 94 111 146 153 137 81 98 101 66 132 117
AddNode Node92 57 46 58
AddNode Node93 26 27
AddNode Node94 118 102 119 99 116 141 144 100 82 110 147 84 120 83 95 134 156 57 108 135 109 112 145 151 148 113 150 152 155 131 142 122 143 121 158 93 154 46 157 133 96 65 123 149 94 97 138 146 111 58 153 81 137 98 132 66 101 117
AddNode Node95 48 47
AddNode Node96 35 48 47
AddNode Node97 118 102 26 119 99 116 144 141 100 110 82 27 84 147 120 57 156 134 95 83 108 135 112 109 145 151 148 150 113 152 131 155 142 122 121 143 158 154 93 46 157 65 96 133 149 123 138 97 94 111 146 58 153 137 81 98 101 66 132 117
AddNode Node98 25 24
AddNode Node99 118 102 26 119 99 116 141 144 100 82 110 147 84 27 120 83 95 134 156 57 108 135 109 112 145 151 148 113 150 35 152 155 131 142 122 48 143 121 158 93 154 46 157 133 96 65 123 149 94 97 138 146 111 58 47 153 81 137 98 132 66 101 117
AddNode Node100 49 50
AddNode Node101 85 86
AddNode Node102 70 69
AddNode Node103 70 69 59
AddNode Node104 67 85 86
AddNode Node105 88 87
AddNode Node106 68 88 87
AddNode Node107 67 70 59 69 85 86
AddNode Node108 67 70 68 88 69 59 87 85 86
AddNode Node109 67 70 68 88 59 69 87 85 36 86
AddNode Node110 49 50 37
AddNode Node111 67 70 68 88 69 59 49 87 50 85 36 37 86
AddNode Node112 118 102 26 119 99 27 84 57 95 108 109 151 148 113 152 35 142 48 93 157 65 133 149 123 138 97 58 153 137 81 101 66 116 141 144 100 82 110 147 25 120 83 134 156 135 112 145 24 150 155 131 122 143 121 158 154 46 96 94 146 111 47 98 132 117
AddNode Node113 31 30
AddNode Node114 28 13
AddNode Node115 29 28 13
AddNode Node116 31 30 14
AddNode Node117 31 29 30 28 14 13
AddNode Node118 118 102 26 119 99 84 27 95 57 108 109 151 148 113 35 152 142 48 87 93 157 133 65 123 149 50 97 138 58 153 81 137 66 101 86 67 70 68 88 116 144 141 100 110 82 25 147 120 156 134 83 135 59 69 112 145 49 24 150 131 155 122 121 143 158 154 46 96 85 36 94 111 146 47 98 37 132 117
AddNode Node119 54 53
AddNode Node120 60 73
AddNode Node121 92 91
AddNode Node122 90 89
AddNode Node123 90 71 89
AddNode Node124 72 92 91
AddNode Node125 90 71 72 92 89 91
AddNode Node126 74 60 73
AddNode Node127 90 71 72 74 92 89 91 60 73
AddNode Node128 39 54 53
AddNode Node129 125 124
AddNode Node130 127 126
AddNode Node131 127 125 124 126
AddNode Node132 127 125 104 124 126
AddNode Node133 103 105
AddNode Node134 127 125 103 124 104 105 126
AddNode Node135 127 125 103 77 104 124 105 126
AddNode Node136 76 75
AddNode Node137 61 76 75
AddNode Node138 127 125 103 77 62 124 104 105 126
AddNode Node139 127 125 61 103 77 76 62 75 104 124 105 126
AddNode Node140 90 71 72 74 92 89 91 39 60 73 54 53
AddNode Node141 127 90 71 72 125 74 61 92 103 89 91 77 39 60 73 76 62 54 75 124 104 53 105 126
AddNode Node142 52 51
AddNode Node143 52 51 38
AddNode Node144 15 52 51 38
AddNode Node145 32 8
AddNode Node146 32 15 52 51 38 8
AddNode Node147 127 90 71 72 125 16 74 61 92 103 89 91 77 39 60 73 76 62 54 75 104 124 53 105 126
AddNode Node148 33 34
AddNode Node149 33 17 34
AddNode Node150 32 127 90 71 72 125 16 74 61 92 103 89 91 77 39 15 52 60 73 76 62 54 75 124 104 53 105 126 51 8 38
AddNode Node151 33 127 32 90 71 72 125 16 74 61 92 103 89 91 77 39 15 52 60 73 76 62 54 17 75 104 124 53 105 126 51 38 8 34
AddNode Node152 118 102 26 119 99 27 84 57 95 108 109 151 148 31 113 152 35 142 48 87 93 157 29 65 133 149 123 50 138 97 58 153 137 81 101 66 86 67 70 68 116 88 30 141 144 100 82 110 147 25 28 120 83 134 156 14 135 112 69 59 145 49 24 150 155 131 122 143 121 158 154 46 13 96 85 36 94 146 111 47 98 132 37 117
AddNode Node153 32 127 33 90 71 118 102 26 119 99 72 125 16 74 84 27 95 57 61 108 92 109 103 89 151 148 31 113 35 152 142 91 48 87 77 93 157 133 65 29 123 149 50 39 97 138 58 15 153 52 81 137 60 73 66 101 76 86 62 54 67 70 68 17 88 116 144 141 30 100 110 82 25 147 120 28 75 156 134 83 135 14 59 69 112 145 49 24 150 124 104 131 155 53 122 121 143 158 154 46 13 105 96 126 85 36 94 51 111 146 47 8 38 98 34 37 132 117
AddNode Node154 21 63 80 18 44 55 115 20 10 11 78 107 106 64 114 41 12 56 45 19 139 129 136 128 40 140 130 79 42 22 23 9 43
AddNode Node155 127 32 90 118 71 102 18 125 16 44 55 27 84 57 95 20 109 151 89 148 31 35 11 78 93 106 157 29 65 138 114 58 153 15 137 81 60 101 73 86 76 62 67 139 129 17 82 110 147 14 135 112 69 145 49 24 140 104 124 131 121 79 154 23 96 126 47 8 98 37 117 43 33 21 63 80 26 119 99 72 74 61 108 115 92 103 10 113 152 142 91 107 48 87 77 133 123 149 50 39 64 97 41 12 52 56 45 66 19 54 70 68 136 88 116 144 141 30 100 128 25 120 28 40 75 156 134 83 59 150 130 155 53 122 143 158 42 22 46 13 105 85 36 94 146 111 51 9 38 34 132
AddNode Node156 2 5 7 1 6 3 4
AddNode Node157 32 127 90 71 118 102 18 125 16 44 55 84 27 95 57 20 109 89 151 148 31 35 11 78 93 106 157 65 29 138 114 58 15 153 81 137 60 73 101 76 86 62 67 139 129 17 2 110 82 147 135 14 69 112 145 49 24 140 124 104 131 79 121 154 23 96 126 47 8 98 37 43 117 5 33 63 21 7 26 80 119 99 72 74 61 108 115 92 103 10 113 152 142 91 48 107 87 77 133 149 123 50 39 64 97 12 41 52 56 66 45 19 54 70 68 1 116 88 136 30 141 144 100 25 128 28 120 83 134 156 75 40 59 150 155 130 53 122 143 22 42 158 46 13 105 6 85 36 3 94 9 51 111 146 38 4 34 132
Run
