Iteration	Lh	Harmonic Mean	Tree No	q01	q10	Root P(0)	Root P(1)	
11000	-75.597911	-75.597911	622	5.494895	3.455585	0.995250	0.004750	
12000	-74.372509	-75.162223	344	5.489080	1.111158	0.999323	0.000677	
13000	-74.127608	-74.920306	613	8.935751	2.815542	0.998257	0.001743	
14000	-76.253424	-75.449883	470	3.935806	2.933328	0.996093	0.003907	
15000	-71.897928	-75.233881	546	6.906315	1.419071	0.999242	0.000758	
16000	-76.784411	-75.715686	112	6.561506	4.351126	0.987320	0.012680	
17000	-75.927613	-75.748852	396	11.711354	0.016723	1.000000	0.000000	
18000	-72.939822	-75.623893	177	6.611572	1.960020	0.997333	0.002667	
19000	-73.119338	-75.516272	43	7.407877	4.348455	0.991952	0.008048	
20000	-73.165851	-75.421448	280	6.968367	1.499945	0.999339	0.000661	
21000	-77.015110	-75.726372	65	6.483236	3.350631	0.997652	0.002348	
22000	-79.210801	-77.016610	718	12.483217	10.206635	0.982292	0.017708	
23000	-73.397047	-76.938798	334	10.594464	2.699372	0.998264	0.001736	
24000	-74.446219	-76.871031	688	7.485368	1.407970	0.999540	0.000460	
25000	-72.146473	-76.802672	23	5.826555	0.812964	0.999777	0.000223	
26000	-74.136416	-76.742757	665	5.049210	2.723265	0.998275	0.001725	
27000	-73.111756	-76.683786	31	6.940699	3.616939	0.994383	0.005617	
28000	-73.647029	-76.629447	207	9.884948	2.404025	0.999444	0.000556	
29000	-75.731347	-76.597758	109	8.911428	0.555010	0.999962	0.000038	
30000	-72.729801	-76.547564	533	10.300504	1.729572	0.999480	0.000520	
31000	-73.681083	-76.501614	187	7.777457	0.296858	0.999991	0.000009	
32000	-73.764906	-76.458175	67	5.458410	1.441962	0.999075	0.000925	
33000	-72.568260	-76.414652	362	10.845867	4.007431	0.998683	0.001317	
34000	-72.124256	-76.372688	673	8.347703	1.144104	0.999919	0.000081	
35000	-73.790055	-76.335010	375	7.809604	0.458601	0.999979	0.000021	
36000	-75.562429	-76.314093	683	5.042370	3.015944	0.995544	0.004456	
37000	-73.189431	-76.278042	202	9.440740	1.080236	0.999891	0.000109	
38000	-73.949813	-76.245278	208	10.446390	1.567195	0.999445	0.000555	
39000	-72.821351	-76.211349	47	8.228683	4.647929	0.992254	0.007746	
40000	-70.547873	-76.177568	362	7.709977	2.132311	0.999603	0.000397	
41000	-74.666125	-76.152104	182	5.209738	2.108063	0.997672	0.002328	
42000	-75.184579	-76.132539	506	10.707357	2.339348	0.998846	0.001154	
43000	-72.469596	-76.102569	592	5.386935	0.949600	0.999693	0.000307	
44000	-73.761118	-76.075627	669	10.411550	4.023228	0.998242	0.001758	
45000	-73.371987	-76.048607	373	7.206362	2.646009	0.999251	0.000749	
46000	-74.368666	-76.025747	518	6.693728	3.218752	0.996054	0.003946	
47000	-71.969355	-75.998829	533	7.057271	2.953018	0.996397	0.003603	
48000	-74.065828	-75.976064	115	9.978638	4.800001	0.993633	0.006367	
49000	-76.526402	-75.994706	445	4.865265	2.828330	0.995807	0.004193	
50000	-75.425234	-75.983792	655	10.174466	5.336392	0.992434	0.007566	
51000	-71.455966	-75.959369	284	6.739396	0.023876	1.000000	0.000000	
52000	-75.372250	-75.948740	482	10.414540	1.397684	0.999693	0.000307	
53000	-73.565345	-75.927403	626	6.423365	0.825491	0.999804	0.000196	
54000	-72.823150	-75.905456	67	7.856215	2.107739	0.998783	0.001217	
55000	-74.409246	-75.888061	350	9.284115	3.065718	0.998694	0.001306	
56000	-74.678464	-75.872689	515	5.877812	3.053826	0.997166	0.002834	
57000	-73.124498	-75.852574	43	6.411236	4.041986	0.991766	0.008234	
58000	-73.776892	-75.834187	537	10.142828	3.811889	0.997384	0.002616	
59000	-72.772474	-75.814543	542	10.255631	1.953298	0.999259	0.000741	
60000	-72.677222	-75.795225	588	8.537677	2.790798	0.998125	0.001875	
61000	-73.606827	-75.777662	470	10.218156	2.724500	0.998773	0.001227	
62000	-73.393603	-75.760050	266	10.517633	3.503115	0.998822	0.001178	
63000	-75.530852	-75.756177	132	6.524378	1.009432	0.999811	0.000189	
64000	-72.411718	-75.738151	533	5.569430	1.232967	0.999184	0.000816	
65000	-70.457409	-75.719896	362	8.183186	1.896627	0.999715	0.000285	
66000	-74.492830	-75.707193	142	7.169729	2.007051	0.999040	0.000960	
67000	-71.974850	-75.689921	592	6.575599	0.164212	0.999998	0.000002	
68000	-74.103235	-75.676112	642	8.293335	1.148089	0.999771	0.000229	
69000	-74.528106	-75.664473	683	5.616500	1.603800	0.998917	0.001083	
70000	-76.562120	-75.688415	60	9.696705	0.102236	0.999999	0.000001	
71000	-75.907922	-75.692430	205	10.535205	0.728494	0.999966	0.000034	
72000	-78.419743	-75.899861	109	12.387100	5.454435	0.995382	0.004618	
73000	-72.261004	-75.884284	362	9.014550	4.535708	0.997956	0.002044	
74000	-76.579076	-75.899839	133	8.153573	2.220461	0.998539	0.001461	
75000	-73.247883	-75.885436	721	8.268560	2.698877	0.997631	0.002369	
76000	-76.323518	-75.893731	359	5.957394	3.146923	0.995871	0.004129	
77000	-72.920878	-75.879468	521	8.716182	2.394258	0.998750	0.001250	
78000	-75.146648	-75.871799	185	7.741363	5.191235	0.984634	0.015366	
79000	-73.310229	-75.858335	199	9.120268	1.051653	0.999915	0.000085	
80000	-75.647926	-75.855621	205	8.030991	2.869002	0.999147	0.000853	
81000	-73.861149	-75.843378	614	9.235076	3.112446	0.998223	0.001777	
82000	-73.898391	-75.831404	702	8.737022	2.521639	0.998595	0.001405	
83000	-74.469104	-75.821161	214	6.232222	0.412523	0.999973	0.000027	
84000	-73.471487	-75.808861	138	6.232157	1.789654	0.998961	0.001039	
85000	-71.388948	-75.795601	39	6.992918	1.505920	0.999183	0.000817	
86000	-74.952063	-75.788075	294	8.107767	4.955497	0.989571	0.010429	
87000	-72.957222	-75.775778	23	7.546678	3.935432	0.994946	0.005054	
88000	-72.637307	-75.763438	39	5.334373	2.270877	0.997187	0.002813	
89000	-74.647235	-75.754889	619	7.512666	1.894663	0.999112	0.000888	
90000	-73.539290	-75.743690	228	8.810538	2.387055	0.998988	0.001012	
91000	-73.312365	-75.732366	95	9.792555	1.649357	0.999612	0.000388	
92000	-73.144891	-75.721024	252	7.147622	0.654861	0.999917	0.000083	
93000	-71.466827	-75.709076	27	7.249177	2.356409	0.998285	0.001715	
94000	-76.103930	-75.714823	203	11.697518	2.228751	0.999479	0.000521	
95000	-72.869910	-75.703681	665	6.089394	2.381774	0.998987	0.001013	
96000	-72.704224	-75.692571	388	7.788078	0.390753	0.999986	0.000014	
97000	-73.257829	-75.682028	270	7.807324	1.147799	0.999838	0.000162	
98000	-72.911841	-75.671319	592	6.022571	2.871088	0.996993	0.003007	
99000	-71.310193	-75.660165	43	6.938877	1.099987	0.999524	0.000476	
100000	-73.501168	-75.650288	107	8.066258	1.926818	0.999414	0.000586	
101000	-70.684984	-75.639315	362	9.250750	1.647105	0.999813	0.000187	
102000	-70.498368	-75.628451	362	8.897975	0.847253	0.999959	0.000041	
103000	-71.754769	-75.617865	47	6.709843	3.034383	0.995785	0.004215	
104000	-74.421873	-75.610417	669	5.379597	4.082407	0.996134	0.003866	
105000	-72.950775	-75.600579	207	8.460969	1.603969	0.999713	0.000287	
106000	-72.696031	-75.590684	196	6.477782	2.358438	0.998005	0.001995	
107000	-73.627261	-75.581782	378	9.351053	2.832351	0.997801	0.002199	
108000	-70.706876	-75.571604	362	6.687067	1.961695	0.999629	0.000371	
109000	-74.393535	-75.564589	210	9.546648	3.355606	0.997570	0.002430	
110000	-72.126671	-75.554863	533	6.215128	2.703249	0.996360	0.003640	
111000	-74.687614	-75.549105	418	8.155077	4.647647	0.994006	0.005994	
112000	-73.451921	-75.540467	311	8.691384	1.263989	0.999851	0.000149	
113000	-71.806763	-75.530946	542	8.244588	1.776641	0.999145	0.000855	
114000	-76.260586	-75.541223	206	9.886200	6.690193	0.991742	0.008258	
115000	-74.188792	-75.534137	432	6.686329	1.296536	0.999799	0.000201	
116000	-74.287845	-75.527393	569	9.687981	1.532173	0.999752	0.000248	
117000	-74.697612	-75.522110	592	12.307635	2.548004	0.999421	0.000579	
118000	-76.217064	-75.531359	632	11.140184	3.019017	0.998783	0.001217	
119000	-76.063359	-75.537782	204	5.029699	3.674781	0.990880	0.009120	
120000	-74.235728	-75.531142	37	8.660103	2.404104	0.998706	0.001294	
121000	-73.055747	-75.522856	263	7.197627	0.804483	0.999876	0.000124	
122000	-77.300977	-75.565837	498	11.739582	5.979497	0.995559	0.004441	
123000	-74.536106	-75.560131	441	6.850294	0.773472	0.999888	0.000112	
124000	-72.333996	-75.551672	673	8.971334	1.454111	0.999865	0.000135	
125000	-73.443270	-75.544003	135	7.404546	0.945686	0.999792	0.000208	
126000	-73.911685	-75.537043	653	6.397202	0.881271	0.999865	0.000135	
127000	-74.156238	-75.530624	450	7.969178	0.532861	0.999964	0.000036	
128000	-71.941060	-75.522349	538	5.940205	1.340950	0.999139	0.000861	
129000	-70.512097	-75.513967	362	6.797423	0.448633	0.999989	0.000011	
130000	-78.431043	-75.650006	160	3.574596	0.672324	0.999572	0.000428	
131000	-77.262648	-75.682657	336	13.163692	1.487680	0.999660	0.000340	
132000	-74.155050	-75.676219	275	8.632712	1.094010	0.999784	0.000216	
133000	-72.587277	-75.668429	27	10.522323	2.947017	0.998550	0.001450	
134000	-72.628725	-75.660721	665	8.169171	3.140686	0.998611	0.001389	
135000	-73.539416	-75.653655	495	10.023965	1.584717	0.999769	0.000231	
136000	-73.900329	-75.647071	263	6.106981	2.182857	0.998082	0.001918	
137000	-73.377865	-75.639986	379	7.987664	1.038214	0.999752	0.000248	
138000	-76.329914	-75.647718	359	5.350300	1.548388	0.998931	0.001069	
139000	-73.982270	-75.641413	653	6.864080	2.343054	0.998764	0.001236	
140000	-72.673923	-75.634089	240	6.963747	0.938755	0.999814	0.000186	
141000	-73.435092	-75.627279	258	7.669321	2.259141	0.999277	0.000723	
142000	-73.584791	-75.620664	387	9.430790	1.207536	0.999662	0.000338	
143000	-74.343367	-75.615227	710	11.089598	1.102094	0.999830	0.000170	
144000	-73.721082	-75.608867	279	8.468142	2.051373	0.999070	0.000930	
145000	-74.719219	-75.604493	503	7.413624	2.139528	0.999140	0.000860	
146000	-74.025772	-75.598639	707	7.808295	2.060918	0.999223	0.000777	
147000	-74.385552	-75.593497	352	5.362199	0.313577	0.999978	0.000022	
148000	-74.911239	-75.589907	526	10.767433	1.943389	0.999487	0.000513	
149000	-74.957759	-75.586530	558	7.470318	2.375983	0.999302	0.000698	
150000	-71.789819	-75.579523	669	7.371227	1.869098	0.999577	0.000423	
151000	-72.236046	-75.572658	673	7.605635	0.619826	0.999980	0.000020	
152000	-73.180584	-75.566239	99	8.031052	1.644414	0.999447	0.000553	
153000	-74.131285	-75.560897	215	7.233450	3.310577	0.998421	0.001579	
154000	-73.626887	-75.554939	216	6.818972	2.666319	0.997083	0.002917	
155000	-72.358526	-75.548302	228	7.452528	0.248078	0.999994	0.000006	
156000	-71.312298	-75.541529	27	8.075194	2.139715	0.998884	0.001116	
157000	-73.348200	-75.535467	95	5.679733	1.121914	0.999609	0.000391	
158000	-73.954298	-75.530086	440	8.217999	0.166563	0.999998	0.000002	
159000	-71.062902	-75.523429	4	6.357444	3.243902	0.995234	0.004766	
160000	-71.688513	-75.516885	39	8.828040	0.909004	0.999831	0.000169	
161000	-75.105084	-75.514647	70	9.903086	1.268193	0.999731	0.000269	
162000	-75.413251	-75.514013	692	7.699151	2.032547	0.998882	0.001118	
163000	-72.868921	-75.507922	721	8.305794	1.967213	0.998821	0.001179	
164000	-74.767742	-75.504521	533	6.375722	6.056189	0.981937	0.018063	
165000	-77.399824	-75.540352	90	9.169211	3.240482	0.997107	0.002893	
166000	-73.414132	-75.534690	315	8.521169	0.956999	0.999900	0.000100	
167000	-76.838858	-75.551645	391	7.718689	6.514757	0.981704	0.018296	
168000	-74.298557	-75.547114	635	5.934250	4.175327	0.994646	0.005354	
169000	-73.818154	-75.541927	99	9.776115	1.103650	0.999850	0.000150	
170000	-75.020557	-75.539385	386	5.293672	3.612781	0.991667	0.008333	
171000	-71.958837	-75.533328	51	7.436188	3.227625	0.995463	0.004537	
172000	-73.255484	-75.527773	381	7.907606	0.783139	0.999947	0.000053	
173000	-72.158774	-75.521831	31	7.149607	0.529090	0.999929	0.000071	
174000	-72.230446	-75.515943	51	5.402347	0.816880	0.999608	0.000392	
175000	-71.525433	-75.509977	23	6.991347	1.306882	0.999523	0.000477	
176000	-73.219119	-75.504548	606	6.939313	2.084727	0.998732	0.001268	
177000	-74.597653	-75.500971	480	7.981448	2.871014	0.998920	0.001080	
178000	-71.751897	-75.495142	538	7.174713	1.276118	0.999426	0.000574	
179000	-75.164497	-75.493475	706	6.457607	3.635323	0.993983	0.006017	
180000	-73.502825	-75.488383	514	8.971060	1.444803	0.999463	0.000537	
181000	-74.761421	-75.485357	537	5.813400	4.826461	0.990621	0.009379	
182000	-75.022409	-75.483200	187	6.225760	2.955569	0.997159	0.002841	
183000	-76.013535	-75.487235	698	13.035242	3.391074	0.998309	0.001691	
184000	-74.918239	-75.484739	315	8.816446	4.239096	0.996769	0.003231	
185000	-70.603671	-75.479052	362	6.350022	1.267589	0.999865	0.000135	
186000	-72.258844	-75.473582	362	10.913498	3.340738	0.999140	0.000860	
187000	-71.328775	-75.468006	4	5.655021	3.005943	0.995360	0.004640	
188000	-74.853082	-75.465422	478	6.548313	2.033022	0.998559	0.001441	
189000	-73.872238	-75.460961	391	9.833930	1.223562	0.999690	0.000310	
190000	-74.372660	-75.457270	670	7.140050	0.048405	1.000000	0.000000	
191000	-75.372265	-75.456820	279	5.195457	2.333444	0.997056	0.002944	
192000	-73.738251	-75.452300	160	7.204781	1.951074	0.998818	0.001182	
193000	-75.087708	-75.450629	252	4.698423	1.193575	0.999207	0.000793	
194000	-72.617727	-75.445501	673	6.163553	0.577273	0.999980	0.000020	
195000	-75.084605	-75.443862	212	5.028374	0.014219	1.000000	0.000000	
196000	-75.913462	-75.447080	560	7.572451	0.108958	0.999999	0.000001	
197000	-71.039661	-75.441783	47	7.098552	1.933757	0.998474	0.001526	
198000	-72.162627	-75.436651	533	9.320420	2.398340	0.998628	0.001372	
199000	-73.873778	-75.432460	178	9.319604	1.867392	0.999486	0.000514	
200000	-73.174112	-75.427736	427	6.687574	1.078920	0.999916	0.000084	
201000	-74.137873	-75.423934	545	7.695729	1.386543	0.999558	0.000442	
202000	-71.840817	-75.418858	542	6.653091	2.069067	0.998329	0.001671	
203000	-74.853265	-75.416617	608	5.725790	1.338029	0.999591	0.000409	
204000	-72.379547	-75.411698	196	7.623268	2.288336	0.998407	0.001593	
205000	-71.181666	-75.406631	362	9.130869	0.086772	1.000000	0.000000	
206000	-73.429232	-75.402226	586	8.082853	1.638048	0.999466	0.000534	
207000	-74.696469	-75.399653	375	5.660211	1.350809	0.999517	0.000483	
208000	-71.029013	-75.394654	47	8.083861	0.979069	0.999733	0.000267	
209000	-74.343695	-75.391380	464	10.837328	2.108662	0.999182	0.000818	
210000	-72.598916	-75.386675	67	7.421953	1.372021	0.999521	0.000479	
211000	-76.695287	-75.400024	268	6.636716	4.727469	0.990952	0.009048	
212000	-72.746988	-75.395411	669	9.754388	2.615420	0.999314	0.000686	
213000	-72.374001	-75.390714	452	9.091117	0.925094	0.999917	0.000083	
214000	-72.192504	-75.386001	362	11.466600	1.694090	0.999825	0.000175	
215000	-72.883692	-75.381513	557	8.663844	2.661893	0.998230	0.001770	
216000	-73.110207	-75.377150	590	7.278121	1.456771	0.999679	0.000321	
217000	-73.001093	-75.372758	39	4.758774	1.045243	0.999349	0.000651	
218000	-74.064046	-75.369243	71	6.865224	2.657755	0.997458	0.002542	
219000	-73.560577	-75.365234	186	7.998137	0.184935	0.999998	0.000002	
220000	-72.442849	-75.360719	27	6.143826	3.092120	0.995853	0.004147	
221000	-74.784740	-75.358641	556	8.123948	0.854001	0.999915	0.000085	
222000	-76.891153	-75.375618	511	5.865499	3.394907	0.997083	0.002917	
223000	-70.897005	-75.370966	4	6.109921	1.405638	0.999130	0.000870	
224000	-75.715229	-75.372884	79	9.605552	0.659640	0.999928	0.000072	
225000	-74.751013	-75.370728	388	7.947901	4.212437	0.996903	0.003097	
226000	-71.670454	-75.366203	4	10.161520	2.307350	0.998725	0.001275	
227000	-75.583651	-75.367321	502	6.739916	3.386557	0.996867	0.003133	
228000	-71.865893	-75.362863	47	8.948220	3.019376	0.997195	0.002805	
229000	-72.652377	-75.358591	95	8.644377	1.001800	0.999860	0.000140	
230000	-76.653664	-75.370570	147	10.615417	5.407158	0.994521	0.005479	
231000	-74.471081	-75.367882	27	12.677574	0.532914	0.999978	0.000022	
232000	-74.610359	-75.365487	506	8.279994	0.936324	0.999791	0.000209	
233000	-77.138267	-75.387166	389	9.919998	6.500805	0.992959	0.007041	
234000	-75.363554	-75.387062	573	8.547690	4.212708	0.994842	0.005158	
235000	-73.849389	-75.383566	584	8.987340	2.845438	0.998056	0.001944	
236000	-71.362391	-75.379211	43	6.966851	1.623159	0.998886	0.001114	
237000	-72.750331	-75.375115	276	7.593445	1.478470	0.999542	0.000458	
238000	-73.826201	-75.371655	714	6.966364	0.053850	1.000000	0.000000	
239000	-74.121331	-75.368534	646	10.306202	2.138659	0.999467	0.000533	
240000	-77.356502	-75.395560	593	7.626463	1.014092	0.999695	0.000305	
241000	-72.054804	-75.391376	31	6.838029	1.053287	0.999605	0.000395	
242000	-75.042641	-75.390106	648	7.782173	3.864339	0.997162	0.002838	
243000	-74.138989	-75.387038	4	6.321025	6.782669	0.979249	0.020751	
244000	-72.021590	-75.382903	452	8.661726	0.320745	0.999992	0.000008	
245000	-75.153829	-75.382032	572	7.875252	2.134230	0.999182	0.000818	
246000	-75.125569	-75.381073	274	9.541292	3.638688	0.998478	0.001522	
247000	-72.607081	-75.377109	542	9.991056	2.214602	0.998965	0.001035	
248000	-73.956613	-75.373917	268	8.373543	0.603869	0.999952	0.000048	
249000	-72.197061	-75.369899	27	5.839852	2.410213	0.997371	0.002629	
250000	-75.606104	-75.371009	160	6.504005	4.010003	0.992627	0.007373	
251000	-71.671231	-75.366954	533	7.367660	2.218731	0.998193	0.001807	
252000	-73.082947	-75.363236	673	10.206971	1.875769	0.999779	0.000221	
253000	-73.525661	-75.359770	445	8.494502	1.234227	0.999720	0.000280	
254000	-72.650013	-75.355937	388	7.330278	0.732705	0.999940	0.000060	
255000	-73.911034	-75.352813	283	9.390586	2.208377	0.998726	0.001274	
256000	-71.968952	-75.348878	27	9.021976	3.060368	0.997922	0.002078	
257000	-75.245201	-75.348479	13	10.773425	2.699153	0.998930	0.001070	
258000	-75.277477	-75.348202	398	9.598146	5.001940	0.993503	0.006497	
259000	-74.408745	-75.345753	126	6.119200	0.431304	0.999967	0.000033	
260000	-72.846425	-75.342075	721	6.585263	0.595667	0.999883	0.000117	
261000	-71.637915	-75.338181	4	10.050287	2.936295	0.997802	0.002198	
262000	-73.534483	-75.334861	12	6.616130	0.579154	0.999912	0.000088	
263000	-71.770413	-75.331013	635	7.350080	0.707799	0.999954	0.000046	
264000	-73.577456	-75.327752	612	8.712741	1.443825	0.999814	0.000186	
265000	-73.200723	-75.324292	55	6.639277	3.077441	0.995768	0.004232	
266000	-75.040822	-75.323328	557	11.287446	5.443223	0.994280	0.005720	
267000	-73.909542	-75.320379	521	10.659638	2.318479	0.999215	0.000785	
268000	-73.156346	-75.316942	366	7.792892	2.936160	0.998620	0.001380	
269000	-73.605641	-75.313773	270	7.985017	2.444314	0.999037	0.000963	
270000	-74.677779	-75.311962	185	8.378840	4.664941	0.988683	0.011317	
271000	-72.162738	-75.308288	538	5.918979	2.533441	0.996581	0.003419	
272000	-71.578554	-75.304556	362	10.245128	0.332965	0.999995	0.000005	
273000	-73.622485	-75.301456	626	8.052254	2.706103	0.998155	0.001845	
274000	-72.700638	-75.297943	596	7.324560	3.926078	0.996758	0.003242	
275000	-73.369342	-75.294713	207	9.869655	1.259148	0.999879	0.000121	
276000	-74.816895	-75.293283	248	8.750260	4.766391	0.996401	0.003599	
277000	-72.611473	-75.289788	470	6.792185	2.284075	0.998742	0.001258	
278000	-71.603536	-75.286144	115	7.222993	1.589563	0.999042	0.000958	
279000	-73.658680	-75.283152	596	11.620724	2.692968	0.999304	0.000696	
280000	-72.981570	-75.279814	266	8.473635	3.618453	0.998349	0.001651	
281000	-72.315004	-75.276308	47	5.822433	0.222797	0.999985	0.000015	
282000	-74.808739	-75.274934	157	6.388292	1.937873	0.998977	0.001023	
283000	-74.526382	-75.273002	131	10.671652	0.745498	0.999935	0.000065	
284000	-71.462752	-75.269426	43	6.249352	0.951969	0.999589	0.000411	
285000	-73.654984	-75.266510	401	8.082216	2.070481	0.999236	0.000764	
286000	-77.679736	-75.302695	294	10.575369	0.031582	1.000000	0.000000	
287000	-73.430689	-75.299635	334	10.341364	3.163228	0.997378	0.002622	
288000	-73.853832	-75.296881	272	10.149370	1.254414	0.999755	0.000245	
289000	-73.711380	-75.294027	211	11.109448	2.323118	0.999630	0.000370	
290000	-73.707609	-75.291183	35	10.031889	4.260905	0.995407	0.004593	
291000	-76.008340	-75.294908	579	6.667594	1.717056	0.999275	0.000725	
292000	-70.801595	-75.291395	4	7.815280	3.078683	0.996641	0.003359	
293000	-75.200978	-75.291089	608	10.727978	2.361466	0.999553	0.000447	
294000	-75.355110	-75.291322	525	5.961721	3.523312	0.993299	0.006701	
295000	-75.141458	-75.290834	346	5.316574	1.792531	0.998644	0.001356	
296000	-73.799284	-75.288120	207	8.387740	3.428492	0.998293	0.001707	
297000	-73.125362	-75.285032	577	7.460143	1.509739	0.999406	0.000594	
298000	-73.351135	-75.282057	272	8.388591	1.877158	0.999127	0.000873	
299000	-72.856051	-75.278898	244	5.691953	0.762703	0.999876	0.000124	
300000	-73.607345	-75.276094	206	8.110247	3.133114	0.998121	0.001879	
301000	-72.346481	-75.272836	592	9.328644	2.399800	0.999173	0.000827	
302000	-71.634803	-75.269496	115	7.150204	0.681454	0.999867	0.000133	
303000	-75.793870	-75.271846	514	7.996745	5.863816	0.984312	0.015688	
304000	-72.049991	-75.268575	546	6.611219	1.211151	0.999432	0.000568	
305000	-74.376865	-75.266573	35	11.949592	2.397115	0.999025	0.000975	
306000	-74.502396	-75.264766	8	9.335326	1.910466	0.999226	0.000774	
307000	-71.465746	-75.261469	362	5.527768	0.368959	0.999992	0.000008	
308000	-73.502261	-75.258687	610	10.123660	1.986690	0.999158	0.000842	
309000	-73.216666	-75.255772	334	10.559605	1.666809	0.999445	0.000555	
310000	-72.808842	-75.252723	542	6.727486	3.860802	0.993763	0.006237	
311000	-74.554674	-75.251052	30	8.131840	2.388794	0.998606	0.001394	
312000	-73.735033	-75.248465	721	5.562313	1.484065	0.998793	0.001207	
313000	-74.646182	-75.246970	525	6.705702	3.239409	0.995503	0.004497	
314000	-73.365414	-75.244178	344	7.738455	2.173226	0.998207	0.001793	
315000	-76.429480	-75.251599	579	6.215362	2.209932	0.998523	0.001477	
316000	-72.715108	-75.248585	669	6.383254	3.123555	0.998294	0.001706	
317000	-72.673117	-75.245571	374	7.937434	0.551890	0.999968	0.000032	
318000	-73.507473	-75.242892	590	7.300288	0.327113	0.999991	0.000009	
319000	-73.908644	-75.240505	718	9.940725	1.217364	0.999825	0.000175	
320000	-74.028084	-75.238236	23	11.315958	3.955170	0.997287	0.002713	
321000	-74.589663	-75.236700	331	6.803090	1.768865	0.999223	0.000777	
322000	-73.427513	-75.234017	379	7.961825	0.697073	0.999904	0.000096	
323000	-74.027418	-75.231775	193	8.947750	1.695359	0.999695	0.000305	
324000	-72.954306	-75.228913	202	7.062487	1.117095	0.999812	0.000188	
325000	-71.366580	-75.225800	39	7.851761	1.333890	0.999487	0.000513	
326000	-73.205409	-75.223052	12	6.905057	1.170059	0.999605	0.000395	
327000	-73.748496	-75.220616	319	7.299124	0.282980	0.999990	0.000010	
328000	-72.123898	-75.217609	561	8.526045	1.068205	0.999891	0.000109	
329000	-73.266012	-75.214916	43	8.438629	4.458058	0.992816	0.007184	
330000	-71.818323	-75.211891	533	7.522961	1.098306	0.999651	0.000349	
331000	-71.989694	-75.208895	561	8.225971	2.539652	0.999097	0.000903	
332000	-72.901265	-75.206095	67	8.199344	2.260691	0.998665	0.001335	
333000	-75.358421	-75.206604	208	11.969938	0.638128	0.999938	0.000062	
334000	-73.380588	-75.204011	533	5.992982	4.336556	0.989974	0.010026	
335000	-70.871710	-75.200970	362	9.706075	1.103847	0.999928	0.000072	
336000	-73.893162	-75.198730	263	9.354098	3.228274	0.997889	0.002111	
337000	-74.809776	-75.197744	246	5.349678	0.483465	0.999973	0.000027	
338000	-73.501161	-75.195251	186	7.445964	2.025970	0.999223	0.000777	
339000	-71.991015	-75.192330	47	5.522990	0.489323	0.999889	0.000111	
340000	-75.777690	-75.194739	705	5.984904	0.115083	0.999999	0.000001	
341000	-75.812256	-75.197316	442	9.731846	4.926324	0.994626	0.005374	
342000	-73.606341	-75.194915	634	7.481080	2.485978	0.998531	0.001469	
343000	-72.056577	-75.192038	266	8.046226	1.478215	0.999778	0.000222	
344000	-72.855429	-75.189330	596	5.913420	3.241428	0.997062	0.002938	
345000	-72.585572	-75.186562	542	7.160019	0.558562	0.999930	0.000070	
346000	-72.387182	-75.183763	51	10.128777	1.912713	0.999143	0.000857	
347000	-74.731131	-75.182682	566	8.596310	1.699487	0.999432	0.000568	
348000	-74.854443	-75.181854	178	9.068408	4.015977	0.996731	0.003269	
349000	-74.496877	-75.180390	30	8.655189	1.942172	0.999199	0.000801	
350000	-73.137348	-75.177827	162	7.626658	2.604052	0.998109	0.001891	
351000	-77.894643	-75.218434	357	7.090830	6.892431	0.989240	0.010760	
352000	-70.925807	-75.215546	47	6.834937	1.211388	0.999415	0.000585	
353000	-73.432582	-75.213117	354	9.159020	1.063212	0.999907	0.000093	
354000	-75.098689	-75.212803	401	9.248185	4.617636	0.995900	0.004100	
355000	-74.400693	-75.211190	296	10.042974	1.584786	0.999723	0.000277	
356000	-74.371096	-75.209546	182	6.832220	3.709515	0.994907	0.005093	
357000	-72.362717	-75.206828	51	7.296946	3.801421	0.993475	0.006525	
358000	-73.979355	-75.204794	690	7.150178	2.142013	0.999380	0.000620	
359000	-76.131671	-75.209159	99	11.810852	4.382326	0.996882	0.003118	
360000	-74.868739	-75.208334	173	5.587355	1.988521	0.997541	0.002459	
361000	-75.200221	-75.208311	550	9.690607	0.215236	0.999997	0.000003	
362000	-75.922233	-75.211267	448	12.573074	3.618310	0.998892	0.001108	
363000	-75.746053	-75.213268	565	6.285984	5.144046	0.993120	0.006880	
364000	-74.062446	-75.211335	637	7.235479	1.389764	0.999218	0.000782	
365000	-75.571806	-75.212557	79	6.596416	2.089334	0.997871	0.002129	
366000	-71.792575	-75.209836	39	6.518754	2.234271	0.997886	0.002114	
367000	-76.474921	-75.216935	315	5.182530	3.233643	0.996160	0.003840	
368000	-73.973276	-75.214945	706	8.214662	2.683320	0.997897	0.002103	
369000	-74.689022	-75.213805	210	5.961418	1.765835	0.998799	0.001201	
370000	-72.249463	-75.211167	596	6.638881	0.039845	1.000000	0.000000	
371000	-74.252254	-75.209458	646	10.089586	3.065893	0.998722	0.001278	
372000	-74.956960	-75.208841	360	8.613825	2.752432	0.998247	0.001753	
373000	-73.165781	-75.206440	340	9.475441	2.574086	0.997842	0.002158	
374000	-73.810255	-75.204371	480	9.210216	0.091900	1.000000	0.000000	
375000	-73.642142	-75.202203	580	7.854441	0.510822	0.999972	0.000028	
376000	-75.775499	-75.204316	23	11.310639	6.795525	0.990694	0.009306	
377000	-70.682676	-75.201617	4	7.241982	1.429554	0.999288	0.000712	
378000	-73.111624	-75.199233	374	7.616760	2.158720	0.999101	0.000899	
379000	-72.981389	-75.196815	722	8.215177	1.712174	0.999283	0.000717	
380000	-72.354748	-75.194267	23	7.185912	3.048858	0.996874	0.003126	
381000	-74.155001	-75.192523	369	7.831276	0.575919	0.999980	0.000020	
382000	-74.158159	-75.190789	204	9.630779	0.667483	0.999903	0.000097	
383000	-72.699778	-75.188327	713	8.470011	2.431197	0.998109	0.001891	
384000	-72.989747	-75.185947	162	7.375880	0.362198	0.999983	0.000017	
385000	-71.569897	-75.183349	51	6.395319	2.013648	0.997896	0.002104	
386000	-74.436814	-75.181949	290	6.150354	1.903335	0.998381	0.001619	
387000	-73.674925	-75.179882	178	8.066544	1.054456	0.999836	0.000164	
388000	-72.918135	-75.177510	669	9.832268	2.962222	0.999086	0.000914	
389000	-73.821321	-75.175549	639	6.082786	2.927282	0.997446	0.002554	
390000	-72.909527	-75.173187	378	8.080461	0.395850	0.999975	0.000025	
391000	-73.650027	-75.171133	39	7.516559	4.991872	0.990773	0.009227	
392000	-73.821177	-75.169192	418	8.203035	1.361529	0.999605	0.000395	
393000	-73.175782	-75.166934	373	9.750420	0.669888	0.999972	0.000028	
394000	-74.035281	-75.165168	402	7.828949	2.002981	0.998927	0.001073	
395000	-72.349238	-75.162723	174	6.007150	0.604290	0.999956	0.000044	
396000	-73.741062	-75.160756	388	5.734108	0.224734	0.999995	0.000005	
397000	-74.037674	-75.159011	161	9.467935	0.238122	0.999995	0.000005	
398000	-75.609669	-75.160477	702	4.903957	1.431968	0.999045	0.000955	
399000	-77.964416	-75.199573	6	7.737954	7.280557	0.985505	0.014495	
400000	-73.821695	-75.197654	600	10.860179	1.298406	0.999889	0.000111	
401000	-72.648418	-75.195293	374	8.223231	0.615657	0.999961	0.000039	
402000	-74.121678	-75.193613	347	6.379318	0.512416	0.999964	0.000036	
403000	-73.234796	-75.191424	182	8.953421	0.629064	0.999953	0.000047	
404000	-76.856638	-75.202246	482	10.586244	5.874710	0.992083	0.007917	
405000	-74.741892	-75.201311	396	8.356500	3.349592	0.997696	0.002304	
406000	-75.721246	-75.203032	469	7.404215	0.812618	0.999949	0.000051	
407000	-73.606807	-75.201022	646	8.452274	2.778910	0.998659	0.001341	
408000	-74.962863	-75.200489	115	12.392190	0.796744	0.999934	0.000066	
409000	-76.583534	-75.207947	22	5.517096	2.854580	0.996695	0.003305	
410000	-74.545903	-75.206736	655	8.922805	4.354410	0.994016	0.005984	
411000	-70.562644	-75.204263	4	7.472660	1.857946	0.998789	0.001211	
412000	-72.900935	-75.202022	639	7.676966	2.385078	0.998874	0.001126	
413000	-78.697144	-75.278326	650	10.758936	9.462800	0.981577	0.018423	
414000	-74.825521	-75.277424	542	4.215744	3.106034	0.993160	0.006840	
415000	-70.639022	-75.274976	362	6.784390	1.911357	0.999657	0.000343	
416000	-72.336392	-75.272641	362	11.597038	1.992716	0.999748	0.000252	
417000	-75.492621	-75.273245	719	4.871095	2.027922	0.998306	0.001694	
418000	-74.453519	-75.271873	23	4.168205	0.893107	0.999499	0.000501	
419000	-74.942685	-75.271187	616	8.158477	2.246368	0.999237	0.000763	
420000	-73.441935	-75.269137	662	9.260455	3.241153	0.997664	0.002336	
421000	-72.682030	-75.266885	662	8.657845	1.727893	0.999393	0.000607	
422000	-72.039003	-75.264551	43	7.482670	2.953044	0.996410	0.003590	
423000	-75.011277	-75.264009	306	10.495173	1.519175	0.999780	0.000220	
424000	-74.221868	-75.262445	472	8.238983	2.682491	0.998434	0.001566	
425000	-73.392101	-75.260404	340	7.269908	3.600452	0.993390	0.006610	
426000	-72.389157	-75.258134	244	6.333033	0.912597	0.999849	0.000151	
427000	-73.893872	-75.256347	635	5.803959	3.533260	0.996373	0.003627	
428000	-71.844899	-75.254031	546	7.855305	1.497636	0.999300	0.000700	
429000	-73.633468	-75.252114	480	7.730209	0.353508	0.999992	0.000008	
430000	-73.249607	-75.250053	698	8.603610	2.437694	0.998685	0.001315	
431000	-74.703729	-75.249052	470	7.941752	5.778520	0.991687	0.008313	
432000	-73.067253	-75.246948	577	7.832218	1.760477	0.999224	0.000776	
433000	-75.038396	-75.246503	130	10.726919	2.093521	0.999346	0.000654	
434000	-74.116095	-75.244905	652	7.818442	1.022349	0.999875	0.000125	
435000	-73.357458	-75.242906	39	8.038371	4.731267	0.992401	0.007599	
436000	-73.429397	-75.240940	673	10.673355	1.619088	0.999850	0.000150	
437000	-76.116239	-75.244212	572	10.537396	1.948096	0.999548	0.000452	
438000	-76.293840	-75.248540	242	12.677514	1.691348	0.999788	0.000212	
439000	-74.523078	-75.247337	513	10.150922	2.122554	0.999613	0.000387	
440000	-73.892533	-75.245610	375	6.697172	1.002761	0.999830	0.000170	
441000	-74.978567	-75.245066	526	10.215363	0.721993	0.999948	0.000052	
442000	-71.078375	-75.242785	4	7.366053	3.672241	0.994807	0.005193	
443000	-73.573393	-75.240908	166	7.765190	0.514139	0.999956	0.000044	
444000	-74.534952	-75.239741	248	11.136162	1.806575	0.999736	0.000264	
445000	-73.221411	-75.237746	319	8.369135	1.798178	0.999296	0.000704	
446000	-73.511727	-75.235858	665	5.807608	0.634455	0.999958	0.000042	
447000	-73.674170	-75.234049	386	8.464255	3.989456	0.994555	0.005445	
448000	-73.716449	-75.232264	657	9.408360	2.888562	0.998830	0.001170	
449000	-70.547736	-75.230005	362	6.430951	1.219535	0.999878	0.000122	
450000	-75.898092	-75.232163	318	4.984895	1.722153	0.998469	0.001531	
451000	-73.353455	-75.230240	276	8.946512	2.515036	0.998683	0.001317	
452000	-75.596356	-75.231240	178	9.980228	4.943757	0.995423	0.004577	
453000	-73.727467	-75.229483	91	9.264779	2.381681	0.998247	0.001753	
454000	-73.106565	-75.227498	486	8.030303	1.727445	0.999367	0.000633	
455000	-76.591529	-75.234020	535	4.382097	1.879120	0.998185	0.001815	
456000	-74.912754	-75.233404	199	8.036163	4.450676	0.996922	0.003078	
457000	-72.239945	-75.231277	546	8.803905	2.765325	0.997689	0.002311	
458000	-77.238069	-75.245548	480	8.818545	6.701830	0.991501	0.008499	
459000	-74.335441	-75.244216	358	5.924753	2.454264	0.998310	0.001690	
460000	-71.347065	-75.242037	4	5.268305	1.636319	0.998557	0.001443	
461000	-75.825122	-75.243791	717	10.202282	5.425862	0.995966	0.004034	
462000	-72.543964	-75.241725	495	8.536399	0.163553	0.999999	0.000001	
463000	-74.475918	-75.240543	633	8.594280	3.235624	0.997428	0.002572	
464000	-74.676653	-75.239593	142	6.946247	2.411040	0.998468	0.001532	
465000	-74.867491	-75.238910	256	6.261210	0.078899	1.000000	0.000000	
466000	-72.459029	-75.236851	669	8.402690	3.165514	0.998723	0.001277	
467000	-72.609353	-75.234819	220	7.544018	2.335710	0.998872	0.001128	
468000	-74.397991	-75.233580	654	9.212843	4.288673	0.996305	0.003695	
469000	-73.139399	-75.231668	452	6.269258	1.220948	0.999760	0.000240	
470000	-74.842882	-75.230968	150	5.875756	0.869209	0.999811	0.000189	
471000	-74.819399	-75.230235	658	9.978547	4.786702	0.995852	0.004148	
472000	-70.322487	-75.228085	362	8.311114	1.384195	0.999866	0.000134	
473000	-73.141423	-75.226191	378	7.681027	2.373119	0.997914	0.002086	
474000	-75.681826	-75.227434	543	10.979780	2.583117	0.999459	0.000541	
475000	-73.624189	-75.225715	344	9.610411	1.762461	0.999224	0.000776	
476000	-73.224530	-75.223857	366	9.342693	3.182188	0.998678	0.001322	
477000	-72.619631	-75.221872	238	7.753278	0.838386	0.999888	0.000112	
478000	-75.329316	-75.222115	59	9.052122	2.208036	0.998819	0.001181	
479000	-75.606724	-75.223114	267	9.971780	5.314198	0.993963	0.006037	
480000	-78.007163	-75.254911	276	12.773030	7.466462	0.989188	0.010812	
481000	-72.702291	-75.252951	635	7.851510	3.388787	0.997849	0.002151	
482000	-74.109147	-75.251506	561	4.853520	3.168531	0.996688	0.003312	
483000	-71.723435	-75.249452	51	9.083368	1.575496	0.999329	0.000671	
484000	-72.263421	-75.247447	23	6.879342	2.784895	0.997251	0.002749	
485000	-74.729737	-75.246596	370	11.420645	1.749660	0.999744	0.000256	
486000	-72.219605	-75.244595	39	5.486405	0.796108	0.999704	0.000296	
487000	-76.398293	-75.249134	49	10.231753	3.893808	0.998034	0.001966	
488000	-72.058203	-75.247126	266	8.287550	1.281639	0.999847	0.000153	
489000	-74.178819	-75.245754	554	8.157048	0.667506	0.999943	0.000057	
490000	-72.064991	-75.243755	533	8.782426	1.155666	0.999721	0.000279	
491000	-72.713114	-75.241840	427	8.569295	1.047833	0.999936	0.000064	
492000	-76.143834	-75.244874	246	4.794409	2.819072	0.997921	0.002079	
493000	-74.011573	-75.243406	665	7.021642	0.221763	0.999997	0.000003	
494000	-73.823987	-75.241838	613	6.607610	1.927778	0.998843	0.001157	
495000	-73.031501	-75.240001	464	8.493127	0.618663	0.999937	0.000063	
496000	-73.200076	-75.238209	470	7.987565	3.733062	0.996833	0.003167	
497000	-74.039581	-75.236774	266	5.199904	1.825674	0.999276	0.000724	
498000	-72.257524	-75.234827	51	5.222388	1.351529	0.998788	0.001212	
499000	-70.547230	-75.232799	362	8.454144	2.008975	0.999682	0.000318	
500000	-73.992465	-75.231347	248	9.686491	0.032871	1.000000	0.000000	
501000	-74.690351	-75.230496	395	6.778813	3.012441	0.996109	0.003891	
502000	-75.192773	-75.230421	155	7.041531	1.084311	0.999716	0.000284	
503000	-74.963971	-75.229946	300	10.851202	0.565766	0.999968	0.000032	
504000	-71.860471	-75.227989	533	7.422015	2.804897	0.997030	0.002970	
505000	-70.262882	-75.225981	362	7.772355	0.699289	0.999971	0.000029	
506000	-71.651204	-75.224020	51	8.832277	1.918408	0.998891	0.001109	
507000	-74.755961	-75.223267	276	7.881260	4.842383	0.992937	0.007063	
508000	-74.630619	-75.222369	332	8.468655	3.772599	0.995174	0.004826	
509000	-74.504998	-75.221343	275	7.316787	3.277940	0.996259	0.003741	
510000	-74.430448	-75.220249	529	9.787508	2.603449	0.998489	0.001511	
511000	-74.349214	-75.219088	274	7.185948	1.612444	0.999664	0.000336	
512000	-76.004160	-75.221460	51	8.666661	8.321373	0.974976	0.025024	
513000	-72.890625	-75.219664	382	8.757253	1.440799	0.999702	0.000298	
514000	-74.167962	-75.218372	215	10.052661	3.279618	0.999135	0.000865	
515000	-73.157493	-75.216643	111	6.480889	0.974961	0.999780	0.000220	
516000	-75.517684	-75.217337	195	11.992102	1.628757	0.999819	0.000181	
517000	-72.447399	-75.215486	4	4.441302	1.332924	0.998854	0.001146	
518000	-71.835733	-75.213583	23	8.006084	2.342045	0.998562	0.001438	
519000	-75.438960	-75.214079	563	10.577881	3.779114	0.997676	0.002324	
520000	-73.001421	-75.212332	456	6.098620	0.510744	0.999943	0.000057	
521000	-71.109405	-75.210405	362	6.179543	0.190242	0.999998	0.000002	
522000	-73.362641	-75.208758	258	6.865518	1.369316	0.999732	0.000268	
523000	-71.946935	-75.206882	115	7.728022	2.406747	0.997858	0.002142	
524000	-74.204264	-75.205650	454	9.765960	1.698359	0.999480	0.000520	
525000	-75.229442	-75.205696	196	5.331888	4.312138	0.992143	0.007857	
526000	-75.070465	-75.205451	614	6.920249	0.106245	0.999999	0.000001	
527000	-77.487970	-75.222332	204	3.652429	1.990851	0.996302	0.003698	
528000	-74.743767	-75.221597	267	9.468871	4.092858	0.996334	0.003666	
529000	-73.777670	-75.220124	239	9.857117	2.954264	0.999224	0.000776	
530000	-73.079706	-75.218426	537	6.355734	0.911031	0.999759	0.000241	
531000	-72.421679	-75.216622	662	7.259667	1.925557	0.998954	0.001046	
532000	-73.134258	-75.214944	111	6.778717	1.570997	0.999350	0.000650	
533000	-74.348196	-75.213835	442	9.119514	1.736593	0.999411	0.000589	
534000	-75.539970	-75.214570	168	8.931314	0.426549	0.999971	0.000029	
535000	-73.482463	-75.213001	381	7.056574	1.648534	0.999723	0.000277	
536000	-74.151146	-75.211757	180	8.796911	0.961569	0.999861	0.000139	
537000	-71.345797	-75.209897	47	8.113247	0.460072	0.999956	0.000044	
538000	-76.366943	-75.214018	135	8.334567	5.616647	0.991282	0.008718	
539000	-72.658728	-75.212273	374	8.248315	0.990607	0.999880	0.000120	
540000	-73.884089	-75.210886	718	8.214239	0.075558	1.000000	0.000000	
541000	-73.540410	-75.209355	584	9.601882	0.707224	0.999938	0.000062	
542000	-71.700324	-75.207530	174	9.147443	1.012380	0.999909	0.000091	
543000	-73.455099	-75.205978	665	10.595181	1.724266	0.999741	0.000259	
544000	-73.697918	-75.204519	283	8.540397	2.389181	0.998206	0.001794	
545000	-76.094410	-75.207197	340	9.090806	6.968363	0.980793	0.019207	
546000	-74.876726	-75.206672	590	7.756580	4.654165	0.995752	0.004248	
547000	-71.223879	-75.204843	27	7.568629	0.410926	0.999977	0.000023	
548000	-73.735724	-75.203411	561	11.532014	1.630365	0.999805	0.000195	
549000	-71.677545	-75.201609	533	7.196609	2.198476	0.998152	0.001848	
550000	-74.727267	-75.200909	314	7.497106	0.522103	0.999899	0.000101	
551000	-73.998394	-75.199615	212	7.379202	3.896927	0.993213	0.006787	
552000	-73.291150	-75.198042	16	6.776048	1.641412	0.999188	0.000812	
553000	-71.817985	-75.196262	542	6.927451	1.303003	0.999442	0.000558	
554000	-71.556322	-75.194470	174	7.398553	0.811349	0.999931	0.000069	
555000	-73.697974	-75.193045	713	10.594120	2.832086	0.998147	0.001853	
556000	-72.063565	-75.191292	23	9.051039	2.359912	0.998823	0.001177	
557000	-71.625242	-75.189514	284	7.895721	0.831752	0.999922	0.000078	
558000	-70.519305	-75.187705	362	6.516060	0.669380	0.999971	0.000029	
559000	-76.930737	-75.196256	351	8.442474	4.571934	0.993811	0.006189	
560000	-73.582118	-75.194799	710	9.942904	2.127245	0.999128	0.000872	
561000	-71.490946	-75.193027	596	8.544474	1.918875	0.999482	0.000518	
562000	-77.665096	-75.212487	255	5.966896	1.319823	0.999534	0.000466	
563000	-72.985139	-75.210872	63	7.612738	0.987355	0.999748	0.000252	
564000	-74.795808	-75.210259	506	7.896321	3.895913	0.994588	0.005412	
565000	-74.861708	-75.209728	545	5.961620	3.366769	0.995575	0.004425	
566000	-75.157196	-75.209636	462	5.890086	3.523372	0.994886	0.005114	
567000	-72.758554	-75.207994	546	5.499676	2.318730	0.997036	0.002964	
568000	-73.057010	-75.206409	63	8.244366	1.229787	0.999637	0.000363	
569000	-76.079932	-75.208902	290	10.899669	3.503333	0.997572	0.002428	
570000	-71.600811	-75.207164	115	7.678303	1.587640	0.999152	0.000848	
571000	-74.418916	-75.206191	681	8.053650	2.147259	0.999006	0.000994	
572000	-74.059297	-75.204976	228	9.176117	3.042564	0.998313	0.001687	
573000	-72.721331	-75.203347	600	8.606509	1.087541	0.999897	0.000103	
574000	-73.848367	-75.202030	706	9.127993	1.706821	0.999372	0.000628	
575000	-74.210941	-75.200917	646	9.552737	3.491967	0.998124	0.001876	
576000	-74.493401	-75.200020	721	7.669977	4.388842	0.992729	0.007271	
577000	-72.951302	-75.198441	352	8.458983	1.632482	0.999403	0.000597	
578000	-74.815823	-75.197882	218	8.441364	3.451485	0.996680	0.003320	
579000	-71.686708	-75.196175	23	6.561482	0.808507	0.999827	0.000173	
580000	-72.659888	-75.194558	39	7.780092	3.864850	0.994774	0.005226	
581000	-72.696093	-75.192950	4	11.302906	3.743756	0.996783	0.003217	
582000	-72.809690	-75.191361	238	9.046356	1.608284	0.999585	0.000415	
583000	-75.670758	-75.192434	71	7.624494	5.355365	0.990398	0.009602	
584000	-76.488562	-75.197049	448	5.787365	3.733085	0.996303	0.003697	
585000	-73.473281	-75.195619	561	9.439525	5.022771	0.996580	0.003420	
586000	-77.167197	-75.206295	393	6.757340	5.076009	0.992603	0.007397	
587000	-74.925805	-75.205871	494	9.426248	1.911364	0.999482	0.000518	
588000	-73.438007	-75.204435	460	6.578918	1.196987	0.999439	0.000561	
589000	-74.036270	-75.203244	677	7.732433	2.198071	0.998601	0.001399	
590000	-73.723351	-75.201912	444	6.353817	0.004990	1.000000	0.000000	
591000	-70.736516	-75.200209	4	7.985402	1.555139	0.999255	0.000745	
592000	-71.716175	-75.198542	592	7.860845	1.956245	0.999266	0.000734	
593000	-75.051349	-75.198307	660	8.555180	2.187551	0.999742	0.000258	
594000	-74.639699	-75.197574	541	5.380451	3.543271	0.994515	0.005485	
595000	-73.297252	-75.196119	4	4.032256	2.803181	0.994321	0.005679	
596000	-72.727462	-75.194556	212	6.560337	0.714934	0.999817	0.000183	
597000	-73.943314	-75.193339	468	8.725103	1.589833	0.999532	0.000468	
598000	-71.709265	-75.191689	23	7.335288	2.039719	0.998775	0.001225	
599000	-74.139135	-75.190584	27	12.352496	3.456550	0.998352	0.001648	
600000	-74.589670	-75.189818	666	5.338971	0.675838	0.999846	0.000154	
601000	-72.708267	-75.188266	276	6.973775	0.624918	0.999937	0.000063	
602000	-73.776787	-75.186988	172	6.486796	1.837416	0.998665	0.001335	
603000	-75.033347	-75.186748	388	8.753883	4.601232	0.996634	0.003366	
604000	-75.575900	-75.187548	199	11.983818	0.343687	0.999993	0.000007	
605000	-73.464249	-75.186166	284	10.485356	2.111620	0.999485	0.000515	
606000	-70.963818	-75.184512	47	7.075847	1.702462	0.998834	0.001166	
607000	-72.630546	-75.182966	4	9.562845	5.560057	0.991019	0.008981	
608000	-73.075621	-75.181496	470	6.727129	3.209694	0.997290	0.002710	
609000	-71.818110	-75.179883	23	6.604843	1.833279	0.998841	0.001159	
610000	-71.346654	-75.178251	51	7.265940	1.933458	0.998417	0.001583	
611000	-74.610921	-75.177530	534	6.522469	3.581690	0.994144	0.005856	
612000	-74.973849	-75.177224	561	8.074099	6.919443	0.991353	0.008647	
613000	-71.294275	-75.175599	27	6.476396	1.053286	0.999670	0.000330	
614000	-75.089655	-75.175462	287	5.863736	3.287404	0.994976	0.005024	
615000	-73.511512	-75.174121	610	8.398371	3.610556	0.996004	0.003996	
616000	-74.118431	-75.173045	190	9.738523	3.582564	0.996865	0.003135	
617000	-73.203197	-75.171626	533	9.473220	0.411886	0.999981	0.000019	
618000	-74.869489	-75.171197	665	10.192877	6.025043	0.995160	0.004840	
619000	-70.979679	-75.169579	362	9.287355	2.431611	0.999537	0.000463	
620000	-72.933439	-75.168113	174	10.722603	2.546700	0.999332	0.000668	
621000	-75.106422	-75.168016	294	6.188699	4.343680	0.989239	0.010761	
622000	-77.265110	-75.179619	588	14.640972	2.087376	0.999603	0.000397	
623000	-75.778329	-75.180955	225	7.503805	0.794228	0.999916	0.000084	
624000	-72.168363	-75.179405	546	6.843738	0.940227	0.999699	0.000301	
625000	-73.991725	-75.178274	177	10.468202	2.855039	0.997082	0.002918	
626000	-76.626802	-75.183548	436	6.207333	4.336723	0.996775	0.003225	
627000	-71.980661	-75.181992	4	4.867273	2.799499	0.995299	0.004701	
628000	-73.665274	-75.180728	550	5.954795	1.727499	0.998881	0.001119	
629000	-72.284923	-75.179200	174	6.194417	1.192948	0.999769	0.000231	
630000	-75.708131	-75.180324	692	6.301978	0.380201	0.999976	0.000024	
631000	-74.837095	-75.179856	204	4.928683	1.262644	0.998927	0.001073	
632000	-72.239248	-75.178332	23	8.317016	0.049849	1.000000	0.000000	
633000	-73.111899	-75.176929	713	9.855404	1.770123	0.999286	0.000714	
634000	-75.357545	-75.177246	228	6.339483	4.317642	0.993657	0.006343	
635000	-75.888784	-75.178905	24	8.045785	4.155800	0.993894	0.006106	
636000	-74.479578	-75.178101	160	10.412512	1.449145	0.999692	0.000308	
637000	-71.655712	-75.176552	43	7.222305	0.468789	0.999940	0.000060	
638000	-72.402545	-75.175057	456	8.589938	1.745858	0.999394	0.000606	
639000	-74.100176	-75.174010	350	7.819953	0.842923	0.999914	0.000086	
640000	-74.580397	-75.173299	389	9.169361	2.777644	0.999056	0.000944	
641000	-73.071912	-75.171907	111	6.734294	0.479109	0.999967	0.000033	
642000	-72.674326	-75.170454	717	8.535939	0.819704	0.999938	0.000062	
643000	-72.605368	-75.168994	592	10.149154	1.766476	0.999664	0.000336	
644000	-72.573857	-75.167534	43	5.740687	2.956495	0.995012	0.004988	
645000	-72.834226	-75.166111	111	9.106082	1.239364	0.999813	0.000187	
646000	-72.933751	-75.164706	91	8.676913	0.746842	0.999876	0.000124	
647000	-75.792804	-75.166077	714	12.736490	1.210992	0.999813	0.000187	
648000	-72.578785	-75.164627	196	5.921393	0.920455	0.999689	0.000311	
649000	-74.081623	-75.163591	204	6.077186	2.305270	0.997057	0.002943	
650000	-75.766196	-75.164882	355	6.388762	2.543530	0.997239	0.002761	
651000	-76.959583	-75.172680	639	11.605051	7.914482	0.990525	0.009475	
652000	-71.352409	-75.171155	4	5.331550	2.457725	0.996711	0.003289	
653000	-72.572475	-75.169714	211	8.751648	1.873081	0.999682	0.000318	
654000	-70.994840	-75.168184	47	8.083576	1.358572	0.999432	0.000568	
655000	-73.738021	-75.167004	715	9.721102	1.451802	0.999719	0.000281	
656000	-72.947201	-75.165623	561	6.418200	0.476139	0.999975	0.000025	
657000	-79.824251	-75.315337	603	7.804352	8.318259	0.981736	0.018264	
658000	-75.450821	-75.315561	282	9.465547	1.082858	0.999924	0.000076	
659000	-72.751196	-75.314137	538	7.298572	3.981744	0.993262	0.006738	
660000	-73.158830	-75.312776	713	6.525271	2.878951	0.995933	0.004067	
661000	-73.517864	-75.311494	212	9.923603	1.138485	0.999726	0.000274	
662000	-74.532506	-75.310664	506	9.245297	1.477590	0.999496	0.000504	
663000	-74.273479	-75.309675	70	8.215624	1.881959	0.999102	0.000898	
664000	-72.803465	-75.308270	334	8.376036	2.967263	0.996704	0.003296	
665000	-71.496427	-75.306776	596	8.674322	1.804508	0.999562	0.000438	
666000	-71.040636	-75.305272	27	7.932191	0.795453	0.999892	0.000108	
667000	-73.546932	-75.304011	165	7.169247	1.138761	0.999683	0.000317	
668000	-73.395069	-75.302716	244	9.353256	3.027123	0.998809	0.001191	
669000	-74.023840	-75.301620	366	5.717378	1.746565	0.999383	0.000617	
670000	-74.053714	-75.300539	647	9.299457	0.450815	0.999981	0.000019	
671000	-74.138672	-75.299499	111	10.881535	2.729893	0.999047	0.000953	
672000	-74.924685	-75.299027	410	6.956811	1.371703	0.999581	0.000419	
673000	-71.324835	-75.297546	43	6.790041	1.381014	0.999184	0.000816	
674000	-73.834439	-75.296388	386	10.828680	1.385383	0.999679	0.000321	
675000	-73.023955	-75.295038	717	6.857775	1.462942	0.999600	0.000400	
676000	-74.313833	-75.294099	250	7.247876	0.019013	1.000000	0.000000	
677000	-74.712894	-75.293438	294	7.889493	4.612229	0.990692	0.009308	
678000	-71.548657	-75.291975	4	9.895728	2.965577	0.997709	0.002291	
679000	-76.095705	-75.293818	694	8.069605	6.427380	0.986111	0.013889	
680000	-76.374802	-75.296721	552	8.623231	5.181087	0.993256	0.006744	
681000	-74.737676	-75.296082	655	10.898152	2.315654	0.998940	0.001060	
682000	-70.389604	-75.294604	362	7.963765	1.775661	0.999750	0.000250	
683000	-73.885107	-75.293480	309	8.587332	0.954903	0.999926	0.000074	
684000	-71.776439	-75.292040	43	7.437867	2.533312	0.997376	0.002624	
685000	-74.561681	-75.291272	266	4.910075	0.872232	0.999858	0.000142	
686000	-73.778471	-75.290118	162	10.288596	2.186465	0.999144	0.000856	
687000	-70.562935	-75.288653	362	8.883265	0.624999	0.999979	0.000021	
688000	-71.327937	-75.287205	47	8.951209	1.269729	0.999595	0.000405	
689000	-75.778224	-75.288138	163	10.557463	3.207523	0.998307	0.001693	
690000	-73.973023	-75.287062	212	10.500879	1.277492	0.999668	0.000332	
691000	-71.605333	-75.285629	39	8.501967	0.735707	0.999890	0.000110	
692000	-78.589691	-75.323358	300	3.546303	0.899052	0.999532	0.000468	
693000	-73.945302	-75.322263	432	6.976308	1.085391	0.999877	0.000123	
694000	-73.866557	-75.321141	431	8.898036	1.122332	0.999924	0.000076	
695000	-73.880506	-75.320026	476	7.012726	1.810819	0.999472	0.000528	
696000	-73.603750	-75.318830	517	6.554239	4.191273	0.996208	0.003792	
697000	-74.699330	-75.318157	258	7.453389	4.177006	0.996986	0.003014	
698000	-75.066360	-75.317834	214	11.283346	2.711519	0.998900	0.001100	
699000	-72.911400	-75.316512	276	6.706812	1.395412	0.999531	0.000469	
700000	-76.390315	-75.319301	405	9.636692	3.110918	0.998864	0.001136	
701000	-72.438766	-75.317934	51	6.743398	0.144025	0.999996	0.000004	
702000	-73.412618	-75.316703	514	6.543383	1.658861	0.998686	0.001314	
703000	-74.073264	-75.315675	458	7.999236	4.221125	0.994075	0.005925	
704000	-74.042400	-75.314637	596	8.884200	5.655248	0.994666	0.005334	
705000	-72.628826	-75.313296	495	7.977253	0.705191	0.999955	0.000045	
706000	-73.940122	-75.312222	395	7.553510	2.263092	0.998289	0.001711	
707000	-73.386648	-75.310996	258	8.516472	1.962090	0.999549	0.000451	
708000	-71.611592	-75.309598	174	8.544693	1.277793	0.999830	0.000170	
709000	-74.001946	-75.308553	318	9.484774	0.933282	0.999902	0.000098	
710000	-72.669988	-75.307226	366	8.796630	0.075520	1.000000	0.000000	
711000	-73.496316	-75.306032	158	6.209830	1.313636	0.999531	0.000469	
712000	-74.185553	-75.305072	264	7.265363	0.019602	1.000000	0.000000	
713000	-72.497374	-75.303734	47	4.856159	1.928207	0.997540	0.002460	
714000	-74.899645	-75.303262	9	8.891748	1.803092	0.999870	0.000130	
715000	-73.791070	-75.302155	546	8.170878	5.305734	0.989912	0.010088	
716000	-74.178175	-75.301199	395	7.722351	2.736810	0.997456	0.002544	
717000	-76.327950	-75.303730	145	6.435037	1.551172	0.998999	0.001001	
718000	-74.962402	-75.303322	637	6.335538	2.670994	0.995491	0.004509	
719000	-74.476303	-75.302528	332	5.914225	1.983605	0.998076	0.001924	
720000	-74.621020	-75.301832	673	10.827328	4.575515	0.998229	0.001771	
721000	-72.486425	-75.300509	334	7.507171	2.036178	0.998286	0.001714	
722000	-72.947541	-75.299237	470	6.357449	2.674860	0.998077	0.001923	
723000	-75.691847	-75.299911	258	5.070959	2.996657	0.997544	0.002456	
724000	-72.339746	-75.298582	546	5.993631	2.229785	0.997541	0.002459	
725000	-75.444543	-75.298802	365	10.872852	1.530291	0.999804	0.000196	
726000	-75.269338	-75.298761	375	9.775562	3.449493	0.998255	0.001745	
727000	-70.229188	-75.297374	362	7.830915	1.178650	0.999904	0.000096	
728000	-73.025906	-75.296124	211	8.891359	2.856976	0.999145	0.000855	
729000	-73.898185	-75.295077	267	8.627396	2.766083	0.998235	0.001765	
730000	-72.192769	-75.293749	35	6.520301	2.373596	0.997502	0.002498	
731000	-72.659981	-75.292461	592	6.891948	3.165578	0.997100	0.002900	
732000	-74.614378	-75.291779	7	8.491600	3.521886	0.997542	0.002458	
733000	-72.623708	-75.290491	276	7.617225	0.486354	0.999968	0.000032	
734000	-72.094420	-75.289165	588	8.577987	0.830702	0.999898	0.000102	
735000	-73.822564	-75.288104	700	7.434933	0.360807	0.999990	0.000010	
736000	-71.145198	-75.286747	47	7.213627	0.569845	0.999906	0.000094	
737000	-73.971606	-75.285741	91	7.651186	3.166271	0.995601	0.004399	
738000	-71.224608	-75.284390	596	7.093642	0.816337	0.999902	0.000098	
739000	-73.224913	-75.283192	382	6.812224	2.151368	0.998691	0.001309	
740000	-72.364577	-75.281895	334	8.119063	1.528098	0.999245	0.000755	
741000	-75.382026	-75.282040	429	8.675397	0.206411	0.999997	0.000003	
742000	-75.175799	-75.281902	429	5.940379	3.533257	0.997125	0.002875	
743000	-74.158010	-75.280981	655	5.907767	0.906251	0.999604	0.000396	
744000	-72.838205	-75.279736	27	9.572145	4.198809	0.996131	0.003869	
745000	-73.202938	-75.278545	220	9.570563	2.016537	0.999411	0.000589	
746000	-74.444203	-75.277776	687	7.792275	2.621019	0.997835	0.002165	
747000	-72.590571	-75.276511	340	8.388208	0.506602	0.999942	0.000058	
748000	-74.919625	-75.276104	588	12.512597	1.075090	0.999898	0.000102	
749000	-73.626960	-75.275010	239	10.307374	1.683366	0.999809	0.000191	
750000	-70.309393	-75.273667	362	8.379978	0.981949	0.999940	0.000060	
751000	-72.390933	-75.272393	383	8.201720	0.395908	0.999977	0.000023	
752000	-74.837054	-75.271917	25	8.100199	1.305911	0.999659	0.000341	
753000	-75.148039	-75.271760	648	10.993847	2.879120	0.999076	0.000924	
754000	-73.251258	-75.270593	557	5.976987	1.606068	0.998964	0.001036	
755000	-73.640083	-75.269513	111	6.751573	2.499241	0.997955	0.002045	
756000	-74.794070	-75.269006	308	8.832949	0.195180	0.999998	0.000002	
757000	-73.004996	-75.267806	208	8.505232	0.653342	0.999902	0.000098	
758000	-76.796907	-75.272626	124	6.604467	3.199021	0.995113	0.004887	
759000	-72.572001	-75.271379	35	9.354549	2.668447	0.998157	0.001843	
760000	-75.049245	-75.271114	122	9.974390	1.959957	0.999250	0.000750	
761000	-74.214859	-75.270245	396	9.333313	1.824412	0.999510	0.000490	
762000	-73.813446	-75.269224	43	4.347476	2.413915	0.995524	0.004476	
763000	-74.509048	-75.268517	389	10.264542	1.198700	0.999868	0.000132	
764000	-70.488327	-75.267201	362	7.794094	2.016728	0.999656	0.000344	
765000	-72.443106	-75.265955	4	10.930873	3.806664	0.996530	0.003470	
766000	-74.605431	-75.265315	609	5.845465	2.364792	0.997487	0.002513	
767000	-75.218181	-75.265254	282	9.084830	1.877501	0.999733	0.000267	
768000	-73.823152	-75.264246	340	5.643041	0.231008	0.999982	0.000018	
769000	-72.157618	-75.262987	51	7.746469	3.559668	0.994761	0.005239	
770000	-73.439232	-75.261883	470	9.518657	3.410633	0.997826	0.002174	
771000	-73.634714	-75.260826	643	8.942085	3.459436	0.997200	0.002800	
772000	-75.256900	-75.260821	379	4.769516	2.059798	0.997332	0.002668	
773000	-74.671773	-75.260238	174	12.634783	3.487778	0.998809	0.001191	
774000	-71.884153	-75.258973	546	7.876344	2.233354	0.998296	0.001704	
775000	-73.938765	-75.258014	491	8.003625	0.985228	0.999874	0.000126	
776000	-72.832018	-75.256823	635	6.897812	3.190898	0.997805	0.002195	
777000	-75.609879	-75.257375	350	6.159901	3.828605	0.996129	0.003871	
778000	-73.925795	-75.256417	47	6.298911	5.226745	0.986600	0.013400	
779000	-72.894562	-75.255238	47	7.772594	4.725014	0.991394	0.008606	
780000	-73.488967	-75.254161	266	11.257951	2.626058	0.999429	0.000571	
781000	-73.115602	-75.253016	4	11.326939	4.860254	0.994396	0.005604	
782000	-72.111952	-75.251776	542	8.930477	2.441163	0.998452	0.001548	
783000	-76.610507	-75.255509	679	9.046947	5.888917	0.990803	0.009197	
784000	-73.663769	-75.254480	381	8.741643	0.369026	0.999989	0.000011	
785000	-77.998691	-75.273083	31	3.029731	1.915897	0.996101	0.003899	
786000	-73.128601	-75.271944	523	8.389288	1.677904	0.999475	0.000525	
787000	-72.656703	-75.270751	669	8.766658	3.353996	0.998607	0.001393	
788000	-72.992089	-75.269596	244	9.034427	2.511128	0.999178	0.000822	
789000	-73.074108	-75.268455	39	5.593430	0.126869	0.999996	0.000004	
790000	-71.915258	-75.267217	362	8.507032	4.151300	0.998248	0.001752	
791000	-74.023222	-75.266305	694	10.022922	2.743589	0.998499	0.001501	
792000	-72.887316	-75.265144	208	8.270584	1.084790	0.999665	0.000335	
793000	-73.669058	-75.264125	590	8.087675	3.028966	0.998507	0.001493	
794000	-74.153948	-75.263270	51	12.096920	1.601792	0.999585	0.000415	
795000	-74.141934	-75.262411	702	8.367282	3.208453	0.997378	0.002622	
796000	-75.423086	-75.262632	557	12.684192	2.147788	0.999374	0.000626	
797000	-74.605360	-75.262020	173	8.912536	3.817692	0.995077	0.004923	
798000	-73.630713	-75.260999	401	8.332418	1.982387	0.999348	0.000652	
799000	-73.717950	-75.260002	612	8.766156	2.053861	0.999566	0.000434	
800000	-70.406276	-75.258745	362	8.631571	1.407303	0.999864	0.000136	
801000	-75.122004	-75.258584	296	10.469283	2.676369	0.999099	0.000901	
802000	-75.945259	-75.259829	269	6.720847	1.061652	0.999922	0.000078	
803000	-73.843064	-75.258873	458	9.745272	0.962307	0.999822	0.000178	
804000	-75.862392	-75.259916	5	6.913920	3.275405	0.999153	0.000847	
805000	-71.742210	-75.258695	39	7.258964	0.306782	0.999982	0.000018	
806000	-72.692301	-75.257535	542	10.112246	2.302497	0.998890	0.001110	
807000	-74.918155	-75.257173	336	5.914745	2.147201	0.997430	0.002570	
808000	-72.079049	-75.255972	592	8.488079	2.457873	0.998935	0.001065	
809000	-71.580762	-75.254751	39	7.706158	2.157766	0.998461	0.001539	
810000	-74.762017	-75.254265	166	5.890863	2.777841	0.996162	0.003838	
811000	-74.913495	-75.253904	355	8.648149	0.538216	0.999959	0.000041	
812000	-73.893906	-75.252977	194	7.818498	2.819181	0.998455	0.001545	
813000	-74.756066	-75.252489	199	11.341835	0.703184	0.999970	0.000030	
814000	-74.196166	-75.251678	510	9.390846	1.234024	0.999757	0.000243	
815000	-73.762124	-75.250715	47	7.103925	5.500711	0.987039	0.012961	
816000	-73.204124	-75.249634	266	9.990566	3.558198	0.998708	0.001292	
817000	-71.151045	-75.248415	47	7.479601	2.229473	0.998086	0.001914	
818000	-71.927850	-75.247221	4	7.911755	4.959843	0.991184	0.008816	
819000	-75.835971	-75.248211	432	6.025248	3.035123	0.998160	0.001840	
820000	-72.435982	-75.247050	334	7.523453	1.825104	0.998671	0.001329	
821000	-72.082862	-75.245869	561	8.019398	2.851618	0.998772	0.001228	
822000	-72.984310	-75.244765	174	9.048931	3.671342	0.998033	0.001967	
823000	-72.286478	-75.243598	533	7.646008	3.631541	0.995096	0.004904	
824000	-72.811050	-75.242477	546	9.884248	3.104824	0.997491	0.002509	
825000	-72.973554	-75.241376	464	8.034055	0.705422	0.999903	0.000097	
826000	-74.735080	-75.240889	442	6.628800	2.750411	0.997420	0.002580	
827000	-73.380946	-75.239855	211	7.459086	3.170092	0.998460	0.001540	
828000	-75.787625	-75.240746	462	4.744276	2.154677	0.997634	0.002366	
829000	-70.929782	-75.239541	362	9.587726	1.963521	0.999726	0.000274	
830000	-73.404023	-75.238516	577	6.530440	2.944846	0.996773	0.003227	
831000	-74.093866	-75.237685	670	8.434947	3.490638	0.996591	0.003409	
832000	-73.982908	-75.236815	626	6.303414	0.474295	0.999943	0.000057	
833000	-71.704842	-75.235635	51	7.562643	2.796645	0.996723	0.003277	
834000	-73.597538	-75.234657	242	7.153739	1.279205	0.999793	0.000207	
835000	-73.989733	-75.233793	258	8.535497	3.281265	0.998541	0.001459	
836000	-74.100677	-75.232972	713	11.277497	1.677027	0.999492	0.000508	
837000	-72.448985	-75.231837	546	5.696987	1.792509	0.998348	0.001652	
838000	-73.842839	-75.230930	514	6.790838	2.976294	0.995352	0.004648	
839000	-71.919406	-75.229767	43	8.871838	0.973150	0.999771	0.000229	
840000	-74.728766	-75.229292	494	8.328374	0.758815	0.999933	0.000067	
841000	-74.591879	-75.228725	433	8.995480	4.021948	0.997311	0.002689	
842000	-71.079420	-75.227541	47	6.772550	0.730621	0.999810	0.000190	
843000	-73.258975	-75.226508	584	8.953012	1.402759	0.999634	0.000366	
844000	-71.222550	-75.225330	47	6.212867	1.755477	0.998499	0.001501	
845000	-74.656955	-75.224810	681	9.313155	1.777979	0.999497	0.000503	
846000	-73.557011	-75.223839	95	6.854034	3.020734	0.997082	0.002918	
847000	-76.178483	-75.225746	681	6.204571	4.130805	0.994108	0.005892	
848000	-73.970334	-75.224893	719	8.496132	2.884289	0.998567	0.001433	
849000	-74.453720	-75.224252	438	9.036435	1.227789	0.999744	0.000256	
850000	-70.973633	-75.223078	362	6.384030	2.147706	0.999517	0.000483	
851000	-76.650039	-75.226835	159	12.035036	3.706477	0.997667	0.002333	
852000	-72.876984	-75.225760	238	7.862342	2.418426	0.998704	0.001296	
853000	-73.384134	-75.224762	722	5.756609	1.429942	0.999169	0.000831	
854000	-74.505056	-75.224154	495	9.006198	3.728103	0.997931	0.002069	
855000	-73.879387	-75.223278	19	8.950214	1.894815	0.999441	0.000559	
856000	-70.627916	-75.222107	362	8.866236	0.489548	0.999988	0.000012	
857000	-74.351960	-75.221421	464	7.084081	3.396221	0.995193	0.004807	
858000	-73.401069	-75.220432	698	7.910327	2.810955	0.997910	0.002090	
859000	-71.877892	-75.219295	362	6.839880	3.675137	0.998373	0.001627	
860000	-75.916206	-75.220480	609	11.205202	3.724509	0.997365	0.002635	
861000	-78.413489	-75.247562	716	13.693075	2.665416	0.998992	0.001008	
862000	-75.217733	-75.247527	700	11.114744	2.751442	0.999192	0.000808	
863000	-76.237303	-75.249508	448	4.824771	1.443516	0.999499	0.000501	
864000	-70.867565	-75.248351	362	6.664910	2.225089	0.999496	0.000504	
865000	-73.405003	-75.247366	523	6.375916	1.434284	0.999414	0.000586	
866000	-77.941735	-75.263354	610	14.589845	5.561484	0.994709	0.005291	
867000	-74.174988	-75.262580	362	3.888234	1.174476	0.999811	0.000189	
868000	-72.990329	-75.261534	657	7.485455	1.051585	0.999844	0.000156	
869000	-71.321553	-75.260392	47	6.497928	2.239461	0.997649	0.002351	
870000	-70.967544	-75.259244	4	8.886040	2.617151	0.997986	0.002014	
871000	-72.091595	-75.258131	31	8.443158	1.069675	0.999727	0.000273	
872000	-73.438899	-75.257159	614	7.686574	1.038863	0.999799	0.000201	
873000	-72.780923	-75.256097	383	9.506158	1.669180	0.999437	0.000563	
874000	-73.338728	-75.255109	539	7.683862	1.550600	0.999705	0.000295	
875000	-72.349773	-75.254016	673	6.626780	0.632481	0.999976	0.000024	
876000	-72.237855	-75.252917	665	7.311209	1.663907	0.999651	0.000349	
877000	-76.138762	-75.254559	307	11.133075	3.251045	0.998502	0.001498	
878000	-73.300549	-75.253570	550	8.320153	1.879591	0.999185	0.000815	
879000	-71.911284	-75.252459	35	8.300040	1.867402	0.998983	0.001017	
880000	-72.801299	-75.251408	334	9.762267	1.904747	0.999115	0.000885	
881000	-73.809463	-75.250531	294	6.541480	2.587212	0.996416	0.003584	
882000	-73.647118	-75.249615	47	11.414339	3.625374	0.997107	0.002893	
883000	-74.511611	-75.249017	331	8.241504	2.297020	0.998979	0.001021	
884000	-72.187845	-75.247926	4	6.414508	4.836658	0.989498	0.010502	
885000	-71.051039	-75.246799	4	5.711187	1.520942	0.998877	0.001123	
886000	-72.811904	-75.245757	4	11.083084	4.529443	0.995053	0.004947	
887000	-75.911933	-75.246836	26	9.803710	0.054564	1.000000	0.000000	
888000	-75.520411	-75.247194	519	10.637694	3.415359	0.998100	0.001900	
889000	-71.775377	-75.246092	27	9.914188	0.844760	0.999917	0.000083	
890000	-73.854871	-75.245237	704	6.288026	0.936040	0.999890	0.000110	
891000	-77.493794	-75.254810	161	9.688853	7.262669	0.984800	0.015200	
892000	-72.545675	-75.253751	542	9.551586	1.164250	0.999754	0.000246	
893000	-74.764473	-75.253313	503	8.727939	2.312749	0.999186	0.000814	
894000	-73.595981	-75.252397	294	7.870629	1.680493	0.998857	0.001143	
895000	-73.108936	-75.251399	618	7.123686	2.203766	0.998660	0.001340	
896000	-73.536256	-75.250473	403	8.304968	2.582497	0.998248	0.001752	
897000	-75.178224	-75.250395	691	8.597657	3.243731	0.997427	0.002573	
898000	-71.675695	-75.249299	362	5.870288	2.602449	0.999162	0.000838	
899000	-74.601503	-75.248763	624	8.422047	3.494631	0.998001	0.001999	
900000	-76.893413	-75.253448	568	9.162486	4.429093	0.996022	0.003978	
901000	-75.306993	-75.253509	446	9.251114	0.363408	0.999986	0.000014	
902000	-73.601006	-75.252603	606	6.976569	0.345610	0.999982	0.000018	
903000	-74.534929	-75.252029	300	5.639271	1.000234	0.999648	0.000352	
904000	-73.271951	-75.251064	625	7.239093	0.829622	0.999879	0.000121	
905000	-72.461713	-75.250015	115	8.285773	0.038379	1.000000	0.000000	
906000	-73.507054	-75.249094	240	9.846287	0.982400	0.999880	0.000120	
907000	-76.445158	-75.251663	179	5.310038	0.176578	0.999997	0.000003	
908000	-75.136767	-75.251542	484	7.504007	0.950378	0.999919	0.000081	
909000	-75.867430	-75.252488	530	6.901373	4.742739	0.989607	0.010393	
910000	-74.347413	-75.251826	666	9.279274	4.038437	0.996287	0.003713	
911000	-72.515975	-75.250788	635	9.748948	0.626162	0.999971	0.000029	
912000	-71.763358	-75.249713	174	9.368333	0.729632	0.999958	0.000042	
913000	-71.634602	-75.248634	533	7.292147	1.962685	0.998595	0.001405	
914000	-74.918879	-75.248324	514	10.777935	3.557632	0.996719	0.003281	
915000	-73.207310	-75.247362	600	6.299009	0.948792	0.999866	0.000134	
916000	-74.995933	-75.247116	354	7.169349	4.515086	0.996001	0.003999	
917000	-75.939906	-75.248218	125	7.987960	3.823985	0.995858	0.004142	
918000	-72.874350	-75.247218	538	9.190992	3.548933	0.996147	0.003853	
919000	-77.331202	-75.254929	483	9.419371	5.586916	0.995334	0.004666	
920000	-73.976843	-75.254136	342	8.492489	0.140049	0.999999	0.000001	
921000	-72.218828	-75.253091	456	8.613932	0.993310	0.999842	0.000158	
922000	-75.696462	-75.253702	107	8.180494	5.173166	0.993282	0.006718	
923000	-75.076304	-75.253524	490	8.054540	3.311116	0.997086	0.002914	
924000	-71.998199	-75.252472	51	7.828509	3.303514	0.995584	0.004416	
925000	-74.873951	-75.252127	374	12.375096	1.373538	0.999837	0.000163	
926000	-71.503661	-75.251061	47	9.165727	0.915066	0.999821	0.000179	
927000	-75.158581	-75.250964	530	5.846736	2.830073	0.995506	0.004494	
928000	-72.523166	-75.249946	588	7.185492	2.364754	0.998188	0.001812	
929000	-78.013133	-75.265976	311	8.062779	7.959424	0.984181	0.015819	
930000	-74.706128	-75.265510	491	6.621829	1.160592	0.999739	0.000261	
931000	-71.608241	-75.264451	47	6.434836	2.671731	0.996575	0.003425	
932000	-70.420479	-75.263375	362	8.494340	1.626501	0.999807	0.000193	
933000	-72.022591	-75.262333	23	9.480289	1.727993	0.999480	0.000520	
934000	-73.305013	-75.261403	195	7.878382	0.366045	0.999991	0.000009	
935000	-72.315296	-75.260379	31	8.949118	1.635146	0.999340	0.000660	
936000	-73.002006	-75.259411	533	8.392394	4.666549	0.992835	0.007165	
937000	-72.558780	-75.258404	383	7.113024	1.565343	0.999228	0.000772	
938000	-72.404048	-75.257388	31	9.112820	0.680278	0.999921	0.000079	
939000	-73.147741	-75.256442	654	7.190299	0.337759	0.999987	0.000013	
940000	-75.788317	-75.257197	216	7.128993	5.581949	0.987432	0.012568	
941000	-72.307969	-75.256178	43	8.337095	0.197374	0.999995	0.000005	
942000	-72.020612	-75.255147	196	7.361063	1.180484	0.999591	0.000409	
943000	-74.871228	-75.254805	464	7.584434	4.299946	0.992821	0.007179	
944000	-72.822487	-75.253828	35	10.151943	0.898683	0.999872	0.000128	
945000	-74.588678	-75.253308	338	8.156451	4.208775	0.993733	0.006267	
946000	-75.695160	-75.253902	579	8.015627	2.015034	0.999271	0.000729	
947000	-73.608337	-75.253040	260	7.177152	1.042757	0.999766	0.000234	
948000	-73.120307	-75.252100	523	8.380014	0.054196	1.000000	0.000000	
949000	-76.099503	-75.253519	461	8.804470	0.132446	0.999999	0.000001	
950000	-75.087737	-75.253356	419	6.958076	2.366549	0.998770	0.001230	
951000	-72.928197	-75.252397	713	6.397073	1.061036	0.999526	0.000474	
952000	-74.493702	-75.251833	16	10.900107	0.563576	0.999964	0.000036	
953000	-75.278704	-75.251861	388	4.516532	0.947251	0.999785	0.000215	
954000	-73.641246	-75.251013	577	9.702661	2.426631	0.998872	0.001128	
955000	-74.059729	-75.250276	379	9.212578	2.040560	0.999054	0.000946	
956000	-73.441588	-75.249392	319	7.916234	2.514118	0.998347	0.001653	
957000	-74.226911	-75.248716	207	10.385158	3.250842	0.998970	0.001030	
958000	-75.304924	-75.248777	503	5.975617	1.531561	0.999451	0.000549	
959000	-72.247840	-75.247775	220	8.166845	1.401356	0.999706	0.000294	
960000	-74.944225	-75.247499	343	8.795129	0.067817	1.000000	0.000000	
961000	-72.266952	-75.246501	23	9.629568	2.266134	0.999039	0.000961	
962000	-74.411834	-75.245906	431	10.261309	1.296423	0.999904	0.000096	
963000	-75.047055	-75.245717	511	7.204468	0.667779	0.999959	0.000041	
964000	-76.285773	-75.247633	199	9.566112	6.522740	0.994134	0.005866	
965000	-73.900881	-75.246857	146	9.202311	1.775284	0.999617	0.000383	
966000	-74.263397	-75.246202	476	6.845253	2.322236	0.998979	0.001021	
967000	-73.507164	-75.245341	212	9.442351	2.381183	0.998405	0.001595	
968000	-75.059304	-75.245164	119	5.849837	1.687974	0.998349	0.001651	
969000	-73.292938	-75.244268	639	6.434501	2.373368	0.998532	0.001468	
970000	-75.359475	-75.244396	590	6.056883	4.157021	0.995109	0.004891	
971000	-76.679177	-75.247719	722	3.737484	1.065143	0.999220	0.000780	
972000	-76.329717	-75.249744	297	7.157983	2.001392	0.998758	0.001242	
973000	-71.781209	-75.248738	538	7.802051	1.553356	0.999214	0.000786	
974000	-72.232773	-75.247751	47	6.238355	3.373437	0.994300	0.005700	
975000	-72.218263	-75.246764	174	9.734757	2.022146	0.999567	0.000433	
976000	-74.216103	-75.246098	63	5.274774	1.054450	0.999358	0.000642	
977000	-72.591337	-75.245136	212	7.824829	1.303142	0.999458	0.000542	
978000	-72.872482	-75.244199	557	8.823062	1.895491	0.999187	0.000813	
979000	-74.652346	-75.243738	711	6.136258	2.356461	0.998355	0.001645	
980000	-73.026741	-75.242819	378	7.985106	2.107539	0.998515	0.001485	
981000	-73.336099	-75.241941	643	7.381753	2.740689	0.997766	0.002234	
982000	-73.849128	-75.241168	429	6.966117	1.093713	0.999853	0.000147	
983000	-74.340695	-75.240558	243	9.011679	1.850231	0.999714	0.000286	
984000	-75.127299	-75.240448	59	6.868269	0.825571	0.999820	0.000180	
985000	-74.626976	-75.239977	434	9.773698	2.447257	0.998946	0.001054	
986000	-73.371353	-75.239110	174	7.315478	3.844197	0.996947	0.003053	
987000	-75.983126	-75.240240	621	5.399376	4.333200	0.993114	0.006886	
988000	-73.282218	-75.239362	626	7.050275	1.140825	0.999655	0.000345	
989000	-73.325227	-75.238490	658	6.502627	2.385905	0.998368	0.001632	
990000	-72.603281	-75.237543	596	5.750936	0.168663	0.999997	0.000003	
991000	-73.072218	-75.236640	538	8.129898	4.361212	0.992919	0.007081	
992000	-73.514030	-75.235803	374	10.249407	2.331084	0.999339	0.000661	
993000	-72.105112	-75.234830	635	8.287850	2.279775	0.999267	0.000733	
994000	-73.613721	-75.234014	396	7.777769	1.452244	0.999621	0.000379	
995000	-75.396558	-75.234193	306	8.507519	4.190010	0.996380	0.003620	
996000	-76.133071	-75.235670	278	7.769556	4.793531	0.995691	0.004309	
997000	-74.495473	-75.235140	415	7.257802	1.361536	0.999706	0.000294	
998000	-73.894656	-75.234392	577	8.176883	4.420763	0.994490	0.005510	
999000	-72.206004	-75.233429	31	6.630738	1.806972	0.998620	0.001380	
1000000	-76.637856	-75.236529	664	7.894334	3.322886	0.999017	0.000983	
1001000	-72.835718	-75.235611	703	8.276542	0.819593	0.999919	0.000081	
1002000	-76.052936	-75.236885	183	12.243341	3.824743	0.998299	0.001701	
1003000	-74.556287	-75.236387	55	7.711607	5.452292	0.988546	0.011454	
1004000	-71.374278	-75.235402	27	7.790237	0.252635	0.999993	0.000007	
1005000	-72.306778	-75.234450	244	8.735030	0.698057	0.999959	0.000041	
1006000	-73.129482	-75.233568	51	10.705364	3.237624	0.997437	0.002563	
1007000	-74.052733	-75.232873	334	10.012642	4.588457	0.993550	0.006450	
1008000	-77.013079	-75.237802	264	12.533365	4.799773	0.996559	0.003441	
1009000	-75.830959	-75.238612	622	11.528485	1.996546	0.999536	0.000464	
1010000	-74.981484	-75.238385	260	7.294288	3.531706	0.996164	0.003836
